1
0
0
0
0
0
0
0
0
0
0
0
0
0
0
0
0
0
0
0
0
0
0
0
0
0
0
0
0
0
0
0
0
0
0
0
0
0
0
0
0
0
0
0
0
0
0
0
0
0
0
0
0
0
0
0
0
0
0
0
0
0
0
0
0
0
0
0
0
0
0
0
0
0
0
0
0
0
0
0
0
0
0
0
0
0
0
0
0
0
0
0
0
0
0
0
0
0
0
0
0
0
0
0
0
0
0
0
0
0
0
0
0
0
0
0
0
0
0
0
0
0
0
0
0
0
0
0
0
0
0
0
0
0
0
0
0
0
0
0
0
0
0
0
0
0
0
0
0
0
0
0
0
0
0
0
0
0
0
0
0
0
0
0
0
0
0
0
0
0
0
0
0
0
0
0
0
0
0
0
0
0
0
0
0
0
0
0
0
0
0
0
0
0
0
0
0
0
0
0
0
0
0
0
0
0
0
0
0
0
0
0
0
0
0
0
0
0
0
0
0
0
0
0
0
0
0
0
0
0
0
0
0
0
0
0
0
0
0
0
0
0
0
0
0
0
0
0
0
0
0
0
0
0
0
0
0
0
0
0
0
0
0
0
0
0
0
0
0
0
0
0
0
0
0
0
0
0
0
0
0
0
0
0
0
0
0
0
0
0
0
0
0
0
0
0
0
0
0
0
0
0
0
0
0
0
0
0
0
0
0
0
0
0
0
0
0
0
0
0
0
0
0
0
0
0
0
0
0
0
0
0
0
0
0
0
0
0
0
0
0
0
0
0
0
0
0
0
0
0
0
0
0
0
0
0
0
0
0
0
0
0
0
0
0
0
0
0
0
0
0
0
0
0
0
0
0
0
0
0
0
0
0
0
0
0
0
0
0
0
0
0
0
0
0
0
0
0
0
0
0
0
0
0
0
0
0
0
0
0
0
0
0
0
0
0
0
0
0
0
0
0
0
0
0
0
0
0
0
0
0
0
0
0
0
0
0
0
0
0
0
0
0
0
0
0
0
0
0
0
0
0
0
0
0
0
0
0
0
0
0
0
0
0
0
0
0
0
0
0
0
0
0
0
0
0
0
0
0
0
0
0
0
0
0
0
0
0
0
0
0
0
0
0
0
0
0
0
0
0
0
0
0
0
0
0
0
0
0
0
0
0
0
0
0
0
0
0
0
0
0
0
0
0
0
0
0
0
0
0
0
0
0
0
0
0
0
0
0
0
0
0
0
0
0
0
0
0
0
0
0
0
0
0
0
0
0
0
0
0
0
0
0
0
0
0
0
0
0
0
0
0
0
0
0
0
0
0
0
0
0
0
0
0
0
0
0
0
0
0
0
0
0
0
0
0
0
0
0
0
0
0
0
0
0
0
0
0
0
0
0
0
0
0
0
0
0
0
0
0
0
0
0
0
0
0
0
0
0
0
0
0
0
0
0
0
0
0
0
0
0
0
0
0
0
0
0
0
0
0
0
0
0
0
0
0
0
0
0
0
0
0
0
0
0
0
0
0
0
0
0
0
0
0
0
0
0
0
0
0
0
0
0
0
0
0
0
0
0
0
0
0
0
0
0
0
0
0
0
0
0
0
0
0
0
0
0
0
0
0
0
0
0
0
0
0
0
0
0
0
0
0
0
0
0
0
0
0
0
0
0
0
0
0
0
0
0
0
0
0
0
0
0
0
0
0
0
0
0
0
0
0
0
0
0
0
0
0
0
0
0
0
0
0
0
0
0
0
0
0
0
0
0
0
0
0
0
0
0
0
0
0
0
0
0
0
0
0
0
0
0
0
0
0
0
0
0
0
0
0
0
0
0
0
0
0
0
0
0
0
0
0
0
0
0
0
0
0
0
0
0
0
0
0
0
0
0
0
0
0
0
0
0
0
0
0
0
0
0
0
0
0
0
0
0
0
0
0
0
0
0
0
0
0
0
0
0
0
0
0
0
0
0
0
0
0
0
0
0
0
0
0
0
0
0
0
0
0
0
0
0
0
0
0
0
0
0
0
0
0
0
0
0
0
0
0
0
0
0
0
0
0
0
0
0
0
0
0
0
0
0
0
0
0
0
0
0
0
0
0
0
0
0
0
0
0
0
0
0
0
0
0
0
0
0
0
0
0
0
0
0
0
0
0
0
0
0
0
0
0
0
0
0
0
0
0
0
0
0
0
0
0
0
0
0
0
0
0
0
0
0
0
0
0
0
0
0
0
0
0
0
0
0
0
0
0
0
0
0
0
0
0
0
0
0
0
0
0
0
0
0
0
0
0
0
0
0
0
0
0
0
0
0
0
0
0
0
0
0
0
0
0
0
0
0
0
0
0
0
0
0
0
0
0
0
0
0
0
0
0
0
0
0
0
0
0
0
0
0
0
0
0
0
0
0
0
0
0
0
0
0
0
0
0
0
0
0
0
0
0
0
0
0
0
0
0
0
0
0
0
0
0
0
0
0
0
0
0
0
0
0
0
0
0
0
0
0
0
0
0
0
0
0
0
0
0
0
0
0
0
0
0
0
0
0
0
0
0
0
0
0
0
0
0
0
0
0
0
0
0
0
0
0
0
0
0
0
0
0
0
0
0
0
0
0
0
0
0
0
0
0
0
0
0
0
0
0
0
0
0
0
0
0
0
0
0
0
0
0
0
0
0
0
0
0
0
0
0
0
0
0
0
0
0
0
0
0
0
0
0
0
0
0
0
0
0
0
0
0
0
0
0
0
0
0
0
0
0
0
0
0
0
0
0
0
0
0
0
0
0
0
0
0
0
0
0
0
0
0
0
0
0
0
0
0
0
0
0
0
0
0
0
0
0
0
0
0
0
0
0
0
0
0
0
0
0
0
0
0
0
0
0
0
0
0
0
0
0
0
0
0
0
0
0
0
0
0
0
0
0
0
0
0
0
0
0
0
0
0
0
0
0
0
0
0
0
0
0
0
0
0
0
0
0
0
0
0
0
0
0
0
0
0
0
0
0
0
0
0
0
0
0
0
0
0
0
0
0
0
0
0
0
0
0
0
0
0
0
0
0
0
0
0
0
0
0
0
0
0
0
0
0
0
0
0
0
0
0
0
0
0
0
0
0
0
0
0
0
0
0
0
0
0
0
0
0
0
0
0
0
0
0
0
0
0
0
0
0
0
0
0
0
0
0
0
0
0
0
0
0
0
0
0
0
0
0
0
0
0
0
0
0
0
0
0
0
0
0
0
0
0
0
0
0
0
0
0
0
0
0
0
0
0
0
0
0
0
0
0
0
0
0
0
0
0
0
0
0
0
0
0
0
0
0
0
0
0
0
0
0
0
0
0
0
0
0
0
0
0
0
0
0
0
0
0
0
0
0
0
0
0
0
0
0
0
0
0
0
0
0
0
0
0
0
0
0
0
0
0
0
0
0
0
0
0
0
0
0
0
0
0
0
0
0
0
0
0
0
0
0
0
0
0
0
0
0
0
0
0
0
0
0
0
0
0
0
0
0
0
0
0
0
0
0
0
0
0
0
0
0
0
0
0
0
0
0
0
0
0
0
0
0
0
0
0
0
0
0
0
0
0
0
0
0
0
0
0
0
0
0
0
0
0
0
0
0
0
0
0
0
0
0
0
0
0
0
0
0
0
0
0
0
0
0
0
0
0
0
0
0
0
0
0
0
0
0
0
0
0
0
0
0
0
0
0
0
0
0
0
0
0
0
0
0
0
0
0
0
0
0
0
0
0
0
0
0
0
0
0
0
0
0
0
0
0
0
0
0
0
0
0
0
0
0
0
0
0
0
0
0
0
0
0
0
0
0
0
0
0
0
0
0
0
0
0
0
0
0
0
0
0
0
0
0
0
0
0
0
0
0
0
0
0
0
0
0
0
0
0
0
0
0
0
0
0
0
0
0
0
0
0
0
0
0
0
0
0
0
0
0
0
0
0
0
0
0
0
0
0
0
0
0
0
0
0
0
0
0
0
0
0
0
0
0
0
0
0
0
0
0
0
0
0
0
0
0
0
0
0
0
0
0
0
0
0
0
0
0
0
0
0
0
0
0
0
0
0
0
0
0
0
0
0
0
0
0
0
0
0
0
0
0
0
0
0
0
0
0
0
0
0
0
0
0
0
0
0
0
0
0
0
0
0
0
0
0
0
0
0
0
0
0
0
0
0
0
0
0
0
0
0
0
0
0
0
0
0
0
0
0
0
0
0
0
0
0
0
0
0
0
0
0
0
0
0
0
0
0
0
0
0
0
0
0
0
0
0
0
0
0
0
0
0
0
0
0
0
0
0
0
0
0
0
0
0
0
0
0
0
0
0
0
0
0
0
0
0
0
0
0
0
0
0
0
0
0
0
0
0
0
0
0
0
0
0
0
0
0
0
0
0
0
0
0
0
0
0
0
0
0
0
0
0
0
0
0
0
0
0
0
0
0
0
0
0
0
0
0
0
0
0
0
0
0
0
0
0
0
0
0
0
0
0
0
0
0
0
0
0
0
0
0
0
0
0
0
0
0
0
0
0
0
0
0
0
0
0
0
0
0
0
0
0
0
0
0
0
0
0
0
0
0
0
0
0
0
0
0
0
0
0
0
0
0
0
0
0
0
0
0
0
0
0
0
0
0
0
0
0
0
0
0
0
0
0
0
0
0
0
0
0
0
0
0
0
0
0
0
0
0
0
0
0
0
0
0
0
0
0
0
0
0
0
0
0
0
0
0
0
0
0
0
0
0
0
0
0
0
0
0
0
0
0
0
0
0
0
0
0
0
0
0
0
0
0
0
0
0
0
0
0
0
0
0
0
0
0
0
0
0
0
0
0
0
0
0
0
0
0
0
0
0
0
0
0
0
0
0
0
0
0
0
0
0
0
0
0
0
0
0
0
0
0
0
0
0
0
0
0
0
0
0
0
0
0
0
0
0
0
0
0
0
0
0
0
0
0
0
0
0
0
0
0
0
0
0
0
0
0
0
0
0
0
0
0
0
0
0
0
0
0
0
0
0
0
0
0
0
0
0
0
0
0
0
0
0
0
0
0
0
0
0
0
0
0
0
0
0
0
0
0
0
0
0
0
0
0
0
0
0
0
0
0
0
0
0
0
0
0
0
0
0
0
0
0
0
0
0
0
0
0
0
0
0
0
0
0
0
0
0
0
0
0
0
0
0
0
0
0
0
0
0
0
0
0
0
0
0
0
0
0
0
0
0
0
0
0
0
0
0
0
0
0
0
0
0
0
0
0
0
0
0
0
0
0
0
0
0
0
0
0
0
0
0
0
0
0
0
0
0
0
0
0
0
0
0
0
0
0
0
0
0
0
0
0
0
0
0
0
0
0
0
0
0
0
0
0
0
0
0
0
0
0
0
0
0
0
0
0
0
0
0
0
0
0
0
0
0
0
0
0
0
0
0
0
0
0
0
0
0
0
0
0
0
0
0
0
0
0
0
0
0
0
0
0
0
0
0
0
0
0
0
0
0
0
0
0
0
0
0
0
0
0
0
0
0
0
0
0
0
0
0
0
0
0
0
0
0
0
0
0
0
0
0
0
0
0
0
0
0
0
0
0
0
0
0
0
0
0
0
0
0
0
0
0
0
0
0
0
0
0
0
0
0
0
0
0
0
0
0
0
0
0
0
0
0
0
0
0
0
0
0
0
0
0
0
0
0
0
0
0
0
0
0
0
0
0
0
0
0
0
0
0
0
0
0
0
0
0
0
0
0
0
0
0
0
0
0
0
0
0
0
0
0
0
0
0
0
0
0
0
0
0
0
0
0
0
0
0
0
0
0
0
0
0
0
0
0
0
0
0
0
0
0
0
0
0
0
0
0
0
0
0
0
0
0
0
0
0
0
0
0
0
0
0
0
0
0
0
0
0
0
0
0
0
0
0
0
0
0
0
0
0
0
0
0
0
0
0
0
0
0
0
0
0
0
0
0
0
0
0
0
0
0
0
0
0
0
0
0
0
0
0
0
0
0
0
0
0
0
0
0
0
0
0
0
0
0
0
0
0
0
0
0
0
0
0
0
0
0
0
0
0
0
0
0
0
0
0
0
0
0
0
0
0
0
0
0
0
0
0
0
0
0
0
0
0
0
0
0
0
0
0
0
0
0
0
0
0
0
0
0
0
0
0
0
0
0
0
0
0
0
0
0
0
0
0
0
0
0
0
0
0
0
0
0
0
0
0
0
0
0
0
0
0
0
0
0
0
0
0
0
0
0
0
0
0
0
0
0
0
0
0
0
0
0
0
0
0
0
0
0
0
0
0
0
0
0
0
0
0
0
0
0
0
0
0
0
0
0
0
0
0
0
0
0
0
0
0
0
0
0
0
0
0
0
0
0
0
0
0
0
0
0
0
0
0
0
0
0
0
0
0
0
0
0
0
0
0
0
0
0
0
0
0
0
0
0
0
0
0
0
0
0
0
0
0
0
0
0
0
0
0
0
0
0
0
0
0
0
0
0
0
0
0
0
0
0
0
0
0
0
0
0
0
0
0
0
0
0
0
0
0
0
0
0
0
0
0
0
0
0
0
0
0
0
0
0
0
0
0
0
0
0
0
0
0
0
0
0
0
0
0
0
0
0
0
0
0
0
0
0
0
0
0
0
0
0
0
0
0
0
0
0
0
0
0
0
0
0
0
0
0
0
0
0
0
0
0
0
0
0
0
0
0
0
0
0
0
0
0
0
0
0
0
0
0
0
0
0
0
0
0
0
0
0
0
0
0
0
0
0
0
0
0
0
0
0
0
0
0
0
0
0
0
0
0
0
0
0
0
0
0
0
0
0
0
0
0
0
0
0
0
0
0
0
0
0
0
0
0
0
0
0
0
0
0
0
0
0
0
0
0
0
0
0
0
0
0
0
0
0
0
0
0
0
0
0
0
0
0
0
0
0
0
0
0
0
0
0
0
0
0
0
0
0
0
0
0
0
0
0
0
0
0
0
0
0
0
0
0
0
0
0
0
0
0
0
0
0
0
0
0
0
0
0
0
0
0
0
0
0
0
0
0
0
0
0
0
0
0
0
0
0
0
0
0
0
0
0
0
0
0
0
0
0
0
0
0
0
0
0
0
0
0
0
0
0
0
0
0
0
0
0
0
0
0
0
0
0
0
0
0
0
0
0
0
0
0
0
0
0
0
0
0
0
0
0
0
0
0
0
0
0
0
0
0
0
0
0
0
0
0
0
0
0
0
0
0
0
0
0
0
0
0
0
0
0
0
0
0
0
0
0
0
0
0
0
0
0
0
0
0
0
0
0
0
0
0
0
0
0
0
0
0
0
0
0
0
0
0
0
0
0
0
0
0
0
0
0
0
0
0
0
0
0
0
0
0
0
0
0
0
0
0
0
0
0
0
0
0
0
0
0
0
0
0
0
0
0
0
0
0
0
0
0
0
0
0
0
0
0
0
0
0
0
0
0
0
0
0
0
0
0
0
0
0
0
0
0
0
0
0
0
0
0
0
0
0
0
0
0
0
0
0
0
0
0
0
0
0
0
0
0
0
0
0
0
0
0
0
0
0
0
0
0
0
0
0
0
0
0
0
0
0
0
0
0
0
0
0
0
0
0
0
0
0
0
0
0
0
0
0
0
0
0
0
0
0
0
0
0
0
0
0
0
0
0
0
0
0
0
0
0
0
0
0
0
0
0
0
0
0
0
0
0
0
0
0
0
0
0
0
0
0
0
0
0
0
0
0
0
0
0
0
0
0
0
0
0
0
0
0
0
0
0
0
0
0
0
0
0
0
0
0
0
0
0
0
0
0
0
0
0
0
0
0
0
0
0
0
0
0
0
0
0
0
0
0
0
0
0
0
0
0
0
0
0
0
0
0
0
0
0
0
0
0
0
0
0
0
0
0
0
0
0
0
0
0
0
0
0
0
0
0
0
0
0
0
0
0
0
0
0
0
0
0
0
0
0
0
0
0
0
0
0
0
0
0
0
0
0
0
0
0
0
0
0
0
0
0
0
0
0
0
0
0
0
0
0
0
0
0
0
0
0
0
0
0
0
0
0
0
0
0
0
0
0
0
0
0
0
0
0
0
0
0
0
0
0
0
0
0
0
0
0
0
0
0
0
0
0
0
0
0
0
0
0
0
0
0
0
0
0
0
0
0
0
0
0
0
0
0
0
0
0
0
0
0
0
0
0
0
0
0
0
0
0
0
0
0
0
0
0
0
0
0
0
0
0
0
0
0
0
0
0
0
0
0
0
0
0
0
0
0
0
0
0
0
0
0
0
0
0
0
0
0
0
0
0
0
0
0
0
0
0
0
0
0
0
0
0
0
0
0
0
0
0
0
0
0
0
0
0
0
0
0
0
0
0
0
0
0
0
0
0
0
0
0
0
0
0
0
0
0
0
0
0
0
0
0
0
0
0
0
0
0
0
0
0
0
0
0
0
0
0
0
0
0
0
0
0
0
0
0
0
0
0
0
0
0
0
0
0
0
0
0
0
0
0
0
0
0
0
0
0
0
0
0
0
0
0
0
0
0
0
0
0
0
0
0
0
0
0
0
0
0
0
0
0
0
0
0
0
0
0
0
0
0
0
0
0
0
0
0
0
0
0
0
0
0
0
0
0
0
0
0
0
0
0
0
0
0
0
0
0
0
0
0
0
0
0
0
0
0
0
0
0
0
0
0
0
0
0
0
0
0
0
0
0
0
0
0
0
0
0
0
0
0
0
0
0
0
0
0
0
0
0
0
0
0
0
0
0
0
0
0
0
0
0
0
0
0
0
0
0
0
0
0
0
0
0
0
0
0
0
0
0
0
0
0
0
0
0
0
0
0
0
0
0
0
0
0
0
0
0
0
0
0
0
0
0
0
0
0
0
0
0
0
0
0
0
0
0
0
0
0
0
0
0
0
0
0
0
0
0
0
0
0
0
0
0
0
0
0
0
0
0
0
0
0
0
0
0
0
0
0
0
0
0
0
0
0
0
0
0
0
0
0
0
0
0
0
0
0
0
0
0
0
0
0
0
0
0
0
0
0
0
0
0
0
0
0
0
0
0
0
0
0
0
0
0
0
0
0
0
0
0
0
0
0
0
0
0
0
0
0
0
0
0
0
0
0
0
0
0
0
0
0
0
0
0
0
0
0
0
0
0
0
0
0
0
0
0
0
0
0
0
0
0
0
0
0
0
0
0
0
0
0
0
0
0
0
0
0
0
0
0
0
0
0
0
0
0
0
0
0
0
0
0
0
0
0
0
0
0
0
0
0
0
0
0
0
0
0
0
0
0
0
0
0
0
0
0
0
0
0
0
0
0
0
0
0
0
0
0
0
0
0
0
0
0
0
0
0
0
0
0
0
0
0
0
0
0
0
0
0
0
0
0
0
0
0
0
0
0
0
0
0
0
0
0
0
0
0
0
0
0
0
0
0
0
0
0
0
0
0
0
0
0
0
0
0
0
0
0
0
0
0
0
0
0
0
0
0
0
0
0
0
0
0
0
0
0
0
0
0
0
0
0
0
0
0
0
0
0
0
0
0
0
0
0
0
0
0
0
0
0
0
0
0
0
0
0
0
0
0
0
0
0
0
0
0
0
0
0
0
0
0
0
0
0
0
0
0
0
0
0
0
0
0
0
0
0
0
0
0
0
0
0
0
0
0
0
0
0
0
0
0
0
0
0
0
0
0
0
0
0
0
0
0
0
0
0
0
0
0
0
0
0
0
0
0
0
0
0
0
0
0
0
0
0
0
0
0
0
0
0
0
0
0
0
0
0
0
0
0
0
0
0
0
0
0
0
0
0
0
0
0
0
0
0
0
0
0
0
0
0
0
0
0
0
0
0
0
0
0
0
0
0
0
0
0
0
0
0
0
0
0
0
0
0
0
0
0
0
0
0
0
0
0
0
0
0
0
0
0
0
0
0
0
0
0
0
0
0
0
0
0
0
0
0
0
0
0
0
0
0
0
0
0
0
0
0
0
0
0
0
0
0
0
0
0
0
0
0
0
0
0
0
0
0
0
0
0
0
0
0
0
0
0
0
0
0
0
0
0
0
0
0
0
0
0
0
0
0
0
0
0
0
0
0
0
0
0
0
0
0
0
0
0
0
0
0
0
0
0
0
0
0
0
0
0
0
0
0
0
0
0
0
0
0
0
0
0
0
0
0
0
0
0
0
0
0
0
0
0
0
0
0
0
0
0
0
0
0
0
0
0
0
0
0
0
0
0
0
0
0
0
0
0
0
0
0
0
0
0
0
0
0
0
0
0
0
0
0
0
0
0
0
0
0
0
0
0
0
0
0
0
0
0
0
0
0
0
0
0
0
0
0
0
0
0
0
0
0
0
0
0
0
0
0
0
0
0
0
0
0
0
0
0
0
0
0
0
0
0
0
0
0
0
0
0
0
0
0
0
0
0
0
0
0
0
0
0
0
0
0
0
0
0
0
0
0
0
0
0
0
0
0
0
0
0
0
0
0
0
0
0
0
0
0
0
0
0
0
0
0
0
0
0
0
0
0
0
0
0
0
0
0
0
0
0
0
0
0
0
0
0
0
0
0
0
0
0
0
0
0
0
0
0
0
0
0
0
0
0
0
0
0
0
0
0
0
0
0
0
0
0
0
0
0
0
0
0
0
0
0
0
0
0
0
0
0
0
0
0
0
0
0
0
0
0
0
0
0
0
0
0
0
0
0
0
0
0
0
0
0
0
0
0
0
0
0
0
0
0
0
0
0
0
0
0
0
0
0
0
0
0
0
0
0
0
0
0
0
0
0
0
0
0
0
0
0
0
0
0
0
0
0
0
0
0
0
0
0
0
0
0
0
0
0
0
0
0
0
0
0
0
0
0
0
0
0
0
0
0
0
0
0
0
0
0
0
0
0
0
0
0
0
0
0
0
0
0
0
0
0
0
0
0
0
0
0
0
0
0
0
0
0
0
0
0
0
0
0
0
0
0
0
0
0
0
0
0
0
0
0
0
0
0
0
0
0
0
0
0
0
0
0
0
0
0
0
0
0
0
0
0
0
0
0
0
0
0
0
0
0
0
0
0
0
0
0
0
0
0
0
0
0
0
0
0
0
0
0
0
0
0
0
0
0
0
0
0
0
0
0
0
0
0
0
0
0
0
0
0
0
0
0
0
0
0
0
0
0
0
0
0
0
0
0
0
0
0
0
0
0
0
0
0
0
0
0
0
0
0
0
0
0
0
0
0
0
0
0
0
0
0
0
0
0
0
0
0
0
0
0
0
0
0
0
0
0
0
0
0
0
0
0
0
0
0
0
0
0
0
0
0
0
0
0
0
0
0
0
0
0
0
0
0
0
0
0
0
0
0
0
0
0
0
0
0
0
0
0
0
0
0
0
0
0
0
0
0
0
0
0
0
0
0
0
0
0
0
0
0
0
0
0
0
0
0
0
0
0
0
0
0
0
0
0
0
0
0
0
0
0
0
0
0
0
0
0
0
0
0
0
0
0
0
0
0
0
0
0
0
0
0
0
0
0
0
0
0
0
0
0
0
0
0
0
0
0
0
0
0
0
0
0
0
0
0
0
0
0
0
0
0
0
0
0
0
0
0
0
0
0
0
0
0
0
0
0
0
0
0
0
0
0
0
0
0
0
0
0
0
0
0
0
0
0
0
0
0
0
0
0
0
0
0
0
0
0
0
0
0
0
0
0
0
0
0
0
0
0
0
0
0
0
0
0
0
0
0
0
0
0
0
0
0
0
0
0
0
0
0
0
0
0
0
0
0
0
0
0
0
0
0
0
0
0
0
0
0
0
0
0
0
0
0
0
0
0
0
0
0
0
0
0
0
0
0
0
0
0
0
0
0
0
0
0
0
0
0
0
0
0
0
0
0
0
0
0
0
0
0
0
0
0
0
0
0
0
0
0
0
0
0
0
0
0
0
0
0
0
0
0
0
0
0
0
0
0
0
0
0
0
0
0
0
0
0
0
0
0
0
0
0
0
0
0
0
0
0
0
0
0
0
0
0
0
0
0
0
0
0
0
0
0
0
0
0
0
0
0
0
0
0
0
0
0
0
0
0
0
0
0
0
0
0
0
0
0
0
0
0
0
0
0
0
0
0
0
0
0
0
0
0
0
0
0
0
0
0
0
0
0
0
0
0
0
0
0
0
0
0
0
0
0
0
0
0
0
0
0
0
0
0
0
0
0
0
0
0
0
0
0
0
0
0
0
0
0
0
0
0
0
0
0
0
0
0
0
0
0
0
0
0
0
0
0
0
0
0
0
0
0
0
0
0
0
0
0
0
0
0
0
0
0
0
0
0
0
0
0
0
0
0
0
0
0
0
0
0
0
0
0
0
0
0
0
0
0
0
0
0
0
0
0
0
0
0
0
0
0
0
0
0
0
0
0
0
0
0
0
0
0
0
0
0
0
0
0
0
0
0
0
0
0
0
0
0
0
0
0
0
0
0
0
0
0
0
0
0
0
0
0
0
0
0
0
0
0
0
0
0
0
0
0
0
0
0
0
0
0
0
0
0
0
0
0
0
0
0
0
0
0
0
0
0
0
0
0
0
0
0
0
0
0
0
0
0
0
0
0
0
0
0
0
0
0
0
0
0
0
0
0
0
0
0
0
0
0
0
0
0
0
0
0
0
0
0
0
0
0
0
0
0
0
0
0
0
0
0
0
0
0
0
0
0
0
0
0
0
0
0
0
0
0
0
0
0
0
0
0
0
0
0
0
0
0
0
0
0
0
0
0
0
0
0
0
0
0
0
0
0
0
0
0
0
0
0
0
0
0
0
0
0
0
0
0
0
0
0
0
0
0
0
0
0
0
0
0
0
0
0
0
0
0
0
0
0
0
0
0
0
0
0
0
0
0
0
0
0
0
0
0
0
0
0
0
0
0
0
0
0
0
0
0
0
0
0
0
0
0
0
0
0
0
0
0
0
0
0
0
0
0
0
0
0
0
0
0
0
0
0
0
0
0
0
0
0
0
0
0
0
0
0
0
0
0
0
0
0
0
0
0
0
0
0
0
0
0
0
0
0
0
0
0
0
0
0
0
0
0
0
0
0
0
0
0
0
0
0
0
0
0
0
0
0
0
0
0
0
0
0
0
0
0
0
0
0
0
0
0
0
0
0
0
0
0
0
0
0
0
0
0
0
0
0
0
0
0
0
0
0
0
0
0
0
0
0
0
0
0
0
0
0
0
0
0
0
0
0
0
0
0
0
0
0
0
0
0
0
0
0
0
0
0
0
0
0
0
0
0
0
0
0
0
0
0
0
0
0
0
0
0
0
0
0
0
0
0
0
0
0
0
0
0
0
0
0
0
0
0
0
0
0
0
0
0
0
0
0
0
0
0
0
0
0
0
0
0
0
0
0
0
0
0
0
0
0
0
0
0
0
0
0
0
0
0
0
0
0
0
0
0
0
0
0
0
0
0
0
0
0
0
0
0
0
0
0
0
0
0
0
0
0
0
0
0
0
0
0
0
0
0
0
0
0
0
0
0
0
0
0
0
0
0
0
0
0
0
0
0
0
0
0
0
0
0
0
0
0
0
0
0
0
0
0
0
0
0
0
0
0
0
0
0
0
0
0
0
0
0
0
0
0
0
0
0
0
0
0
0
0
0
0
0
0
0
0
0
0
0
0
0
0
0
0
0
0
0
0
0
0
0
0
0
0
0
0
0
0
0
0
0
0
0
0
0
0
0
0
0
0
0
0
0
0
0
0
0
0
0
0
0
0
0
0
0
0
0
0
0
0
0
0
0
0
0
0
0
0
0
0
0
0
0
0
0
0
0
0
0
0
0
0
0
0
0
0
0
0
0
0
0
0
0
0
0
0
0
0
0
0
0
0
0
0
0
0
0
0
0
0
0
0
0
0
0
0
0
0
0
0
0
0
0
0
0
0
0
0
0
0
0
0
0
0
0
0
0
0
0
0
0
0
0
0
0
0
0
0
0
0
0
0
0
0
0
0
0
0
0
0
0
0
0
0
0
0
0
0
0
0
0
0
0
0
0
0
0
0
0
0
0
0
0
0
0
0
0
0
0
0
0
0
0
0
0
0
0
0
0
0
0
0
0
0
0
0
0
0
0
0
0
0
0
0
0
0
0
0
0
0
0
0
0
0
0
0
0
0
0
0
0
0
0
0
0
0
0
0
0
0
0
0
0
0
0
0
0
0
0
0
0
0
0
0
0
0
0
0
0
0
0
0
0
0
0
0
0
0
0
0
0
0
0
0
0
0
0
0
0
0
0
0
0
0
0
0
0
0
0
0
0
0
0
0
0
0
0
0
0
0
0
0
0
0
0
0
0
0
0
0
0
0
0
0
0
0
0
0
0
0
0
0
0
0
0
0
0
0
0
0
0
0
0
0
0
0
0
0
0
0
0
0
0
0
0
0
0
0
0
0
0
0
0
0
0
0
0
0
0
0
0
0
0
0
0
0
0
0
0
0
0
0
0
0
0
0
0
0
0
0
0
0
0
0
0
0
0
0
0
0
0
0
0
0
0
0
0
0
0
0
0
0
0
0
0
0
0
0
0
0
0
0
0
0
0
0
0
0
0
0
0
0
0
0
0
0
0
0
0
0
0
0
0
0
0
0
0
0
0
0
0
0
0
0
0
0
0
0
0
0
0
0
0
0
0
0
0
0
0
0
0
0
0
0
0
0
0
0
0
0
0
0
0
0
0
0
0
0
0
0
0
0
0
0
0
0
0
0
0
0
0
0
0
0
0
0
0
0
0
0
0
0
0
0
0
0
0
0
0
0
0
0
0
0
0
0
0
0
0
0
0
0
0
0
0
0
0
0
0
0
0
0
0
0
0
0
0
0
0
0
0
0
0
0
0
0
0
0
0
0
0
0
0
0
0
0
0
0
0
0
0
0
0
0
0
0
0
0
0
0
0
0
0
0
0
0
0
0
0
0
0
0
0
0
0
0
0
0
0
0
0
0
0
0
0
0
0
0
0
0
0
0
0
0
0
0
0
0
0
0
0
0
0
0
0
0
0
0
0
0
0
0
0
0
0
0
0
0
0
0
0
0
0
0
0
0
0
0
0
0
0
0
0
0
0
0
0
0
0
0
0
0
0
0
0
0
0
0
0
0
0
0
0
0
0
0
0
0
0
0
0
0
0
0
0
0
0
0
0
0
0
0
0
0
0
0
0
0
0
0
0
0
0
0
0
0
0
0
0
0
0
0
0
0
0
0
0
0
0
0
0
0
0
0
0
0
0
0
0
0
0
0
0
0
0
0
0
0
0
0
0
0
0
0
0
0
0
0
0
0
0
0
0
0
0
0
0
0
0
0
0
0
0
0
0
0
0
0
0
0
0
0
0
0
0
0
0
0
0
0
0
0
0
0
0
0
0
0
0
0
0
0
0
0
0
0
0
0
0
0
0
0
0
0
0
0
0
0
0
0
0
0
0
0
0
0
0
0
0
0
0
0
0
0
0
0
0
0
0
0
0
0
0
0
0
0
0
0
0
0
0
0
0
0
0
0
0
0
0
0
0
0
0
0
0
0
0
0
0
0
0
0
0
0
0
0
0
0
0
0
0
0
0
0
0
0
0
0
0
0
0
0
0
0
0
0
0
0
0
0
0
0
0
0
0
0
0
0
0
0
0
0
0
0
0
0
0
0
0
0
0
0
0
0
0
0
0
0
0
0
0
0
0
0
0
0
0
0
0
0
0
0
0
0
0
0
0
0
0
0
0
0
0
0
0
0
0
0
0
0
0
0
0
0
0
0
0
0
0
0
0
0
0
0
0
0
0
0
0
0
0
0
0
0
0
0
0
0
0
0
0
0
0
0
0
0
0
0
0
0
0
0
0
0
0
0
0
0
0
0
0
0
0
0
0
0
0
0
0
0
0
0
0
0
0
0
0
0
0
0
0
0
0
0
0
0
0
0
0
0
0
0
0
0
0
0
0
0
0
0
0
0
0
0
0
0
0
0
0
0
0
0
0
0
0
0
0
0
0
0
0
0
0
0
0
0
0
0
0
0
0
0
0
0
0
0
0
0
0
0
0
0
0
0
0
0
0
0
0
0
0
0
0
0
0
0
0
0
0
0
0
0
0
0
0
0
0
0
0
0
0
0
0
0
0
0
0
0
0
0
0
0
0
0
0
0
0
0
0
0
0
0
0
0
0
0
0
0
0
0
0
0
0
0
0
0
0
0
0
0
0
0
0
0
0
0
0
0
0
0
0
0
0
0
0
0
0
0
0
0
0
0
0
0
0
0
0
0
0
0
0
0
0
0
0
0
0
0
0
0
0
0
0
0
0
0
0
0
0
0
0
0
0
0
0
0
0
0
0
0
0
0
0
0
0
0
0
0
0
0
0
0
0
0
0
0
0
0
0
0
0
0
0
0
0
0
0
0
0
0
0
0
0
0
0
0
0
0
0
0
0
0
0
0
0
0
0
0
0
0
0
0
0
0
0
0
0
0
0
0
0
0
0
0
0
0
0
0
0
0
0
0
0
0
0
0
0
0
0
0
0
0
0
0
0
0
0
0
0
0
0
0
0
0
0
0
0
0
0
0
0
0
0
0
0
0
0
0
0
0
0
0
0
0
0
0
0
0
0
0
0
0
0
0
0
0
0
0
0
0
0
0
0
0
0
0
0
0
0
0
0
0
0
0
0
0
0
0
0
0
0
0
0
0
0
0
0
0
0
0
0
0
0
0
0
0
0
0
0
0
0
0
0
0
0
0
0
0
0
0
0
0
0
0
0
0
0
0
0
0
0
0
0
0
0
0
0
0
0
0
0
0
0
0
0
0
0
0
0
0
0
0
0
0
0
0
0
0
0
0
0
0
0
0
0
0
0
0
0
0
0
0
0
0
0
0
0
0
0
0
0
0
0
0
0
0
0
0
0
0
0
0
0
0
0
0
0
0
0
0
0
0
0
0
0
0
0
0
0
0
0
0
0
0
0
0
0
0
0
0
0
0
0
0
0
0
0
0
0
0
0
0
0
0
0
0
0
0
0
0
0
0
0
0
0
0
0
0
0
0
0
0
0
0
0
0
0
0
0
0
0
0
0
0
0
0
0
0
0
0
0
0
0
0
0
0
0
0
0
0
0
0
0
0
0
0
0
0
0
0
0
0
0
0
0
0
0
0
0
0
0
0
0
0
0
0
0
0
0
0
0
0
0
0
0
0
0
0
0
0
0
0
0
0
0
0
0
0
0
0
0
0
0
0
0
0
0
0
0
0
0
0
0
0
0
0
0
0
0
0
0
0
0
0
0
0
0
0
0
0
0
0
0
0
0
0
0
0
0
0
0
0
0
0
0
0
0
0
0
0
0
0
0
0
0
0
0
0
0
0
0
0
0
0
0
0
0
0
0
0
0
0
0
0
0
0
0
0
0
0
0
0
0
0
0
0
0
0
0
0
0
0
0
0
0
0
0
0
0
0
0
0
0
0
0
0
0
0
0
0
0
0
0
0
0
0
0
0
0
0
0
0
0
0
0
0
0
0
0
0
0
0
0
0
0
0
0
0
0
0
0
0
0
0
0
0
0
0
0
0
0
0
0
0
0
0
0
0
0
0
0
0
0
0
0
0
0
0
0
0
0
0
0
0
0
0
0
0
0
0
0
0
0
0
0
0
0
0
0
0
0
0
0
0
0
0
0
0
0
0
0
0
0
0
0
0
0
0
0
0
0
0
0
0
0
0
0
0
0
0
0
0
0
0
0
0
0
0
0
0
0
0
0
0
0
0
0
0
0
0
0
0
0
0
0
0
0
0
0
0
0
0
0
0
0
0
0
0
0
0
0
0
0
0
0
0
0
0
0
0
0
0
0
0
0
0
0
0
0
0
0
0
0
0
0
0
0
0
0
0
0
0
0
0
0
0
0
0
0
0
0
0
0
0
0
0
0
0
0
0
0
0
0
0
0
0
0
0
0
0
0
0
0
0
0
0
0
0
0
0
0
0
0
0
0
0
0
0
0
0
0
0
0
0
0
0
0
0
0
0
0
0
0
0
0
0
0
0
0
0
0
0
0
0
0
0
0
0
0
0
0
0
0
0
0
0
0
0
0
0
0
0
0
0
0
0
0
0
0
0
0
0
0
0
0
0
0
0
0
0
0
0
0
0
0
0
0
0
0
0
0
0
0
0
0
0
0
0
0
0
0
0
0
0
0
0
0
0
0
0
0
0
0
0
0
0
0
0
0
0
0
0
0
0
0
0
0
0
0
0
0
0
0
0
0
0
0
0
0
0
0
0
0
0
0
0
0
0
0
0
0
0
0
0
0
0
0
0
0
0
0
0
0
0
0
0
0
0
0
0
0
0
0
0
0
0
0
0
0
0
0
0
0
0
0
0
0
0
0
0
0
0
0
0
0
0
0
0
0
0
0
0
0
0
0
0
0
0
0
0
0
0
0
0
0
0
0
0
0
0
0
0
0
0
0
0
0
0
0
0
0
0
0
0
0
0
0
0
0
0
0
0
0
0
0
0
0
0
0
0
0
0
0
0
0
0
0
0
0
0
0
0
0
0
0
0
0
0
0
0
0
0
0
0
0
0
0
0
0
0
0
0
0
0
0
0
0
0
0
0
0
0
0
0
0
0
0
0
0
0
0
0
0
0
0
0
0
0
0
0
0
0
0
0
0
0
0
0
0
0
0
0
0
0
0
0
0
0
0
0
0
0
0
0
0
0
0
0
0
0
0
0
0
0
0
0
0
0
0
0
0
0
0
0
0
0
0
0
0
0
0
0
0
0
0
0
0
0
0
0
0
0
0
0
0
0
0
0
0
0
0
0
0
0
0
0
0
0
0
0
0
0
0
0
0
0
0
0
0
0
0
0
0
0
0
0
0
0
0
0
0
0
0
0
0
0
0
0
0
0
0
0
0
0
0
0
0
0
0
0
0
0
0
0
0
0
0
0
0
0
0
0
0
0
0
0
0
0
0
0
0
0
0
0
0
0
0
0
0
0
0
0
0
0
0
0
0
0
0
0
0
0
0
0
0
0
0
0
0
0
0
0
0
0
0
0
0
0
0
0
0
0
0
0
0
0
0
0
0
0
0
0
0
0
0
0
0
0
0
0
0
0
0
0
0
0
0
0
0
0
0
0
0
0
0
0
0
0
0
0
0
0
0
0
0
0
0
0
0
0
0
0
0
0
0
0
0
0
0
0
0
0
0
0
0
0
0
0
0
0
0
0
0
0
0
0
0
0
0
0
0
0
0
0
0
0
0
0
0
0
0
0
0
0
0
0
0
0
0
0
0
0
0
0
0
0
0
0
0
0
0
0
0
0
0
0
0
0
0
0
0
0
0
0
0
0
0
0
0
0
0
0
0
0
0
0
0
0
0
0
0
0
0
0
0
0
0
0
0
0
0
0
0
0
0
0
0
0
0
0
0
0
0
0
0
0
0
0
0
0
0
0
0
0
0
0
0
0
0
0
0
0
0
0
0
0
0
0
0
0
0
0
0
0
0
0
0
0
0
0
0
0
0
0
0
0
0
0
0
0
0
0
0
0
0
0
0
0
0
0
0
0
0
0
0
0
0
0
0
0
0
0
0
0
0
0
0
0
0
0
0
0
0
0
0
0
0
0
0
0
0
0
0
0
0
0
0
0
0
0
0
0
0
0
0
0
0
0
0
0
0
0
0
0
0
0
0
0
0
0
0
0
0
0
0
0
0
0
0
0
0
0
0
0
0
0
0
0
0
0
0
0
0
0
0
0
0
0
0
0
0
0
0
0
0
0
0
0
0
0
0
0
0
0
0
0
0
0
0
0
0
0
0
0
0
0
0
0
0
0
0
0
0
0
0
0
0
0
0
0
0
0
0
0
0
0
0
0
0
0
0
0
0
0
0
0
0
0
0
0
0
0
0
0
0
0
0
0
0
0
0
0
0
0
0
0
0
0
0
0
0
0
0
0
0
0
0
0
0
0
0
0
0
0
0
0
0
0
0
0
0
0
0
0
0
0
0
0
0
0
0
0
0
0
0
0
0
0
0
0
0
0
0
0
0
0
0
0
0
0
0
0
0
0
0
0
0
0
0
0
0
0
0
0
0
0
0
0
0
0
0
0
0
0
0
0
0
0
0
0
0
0
0
0
0
0
0
0
0
0
0
0
0
0
0
0
0
0
0
0
0
0
0
0
0
0
0
0
0
0
0
0
0
0
0
0
0
0
0
0
0
0
0
0
0
0
0
0
0
0
0
0
0
0
0
0
0
0
0
0
0
0
0
0
0
0
0
0
0
0
0
0
0
0
0
0
0
0
0
0
0
0
0
0
0
0
0
0
0
0
0
0
0
0
0
0
0
0
0
0
0
0
0
0
0
0
0
0
0
0
0
0
0
0
0
0
0
0
0
0
0
0
0
0
0
0
0
0
0
0
0
0
0
0
0
0
0
0
0
0
0
0
0
0
0
0
0
0
0
0
0
0
0
0
0
0
0
0
0
0
0
0
0
0
0
0
0
0
0
0
0
0
0
0
0
0
0
0
0
0
0
0
0
0
0
0
0
0
0
0
0
0
0
0
0
0
0
0
0
0
0
0
0
0
0
0
0
0
0
0
0
0
0
0
0
0
0
0
0
0
0
0
0
0
0
0
0
0
0
0
0
0
0
0
0
0
0
0
0
0
0
0
0
0
0
0
0
0
0
0
0
0
0
0
0
0
0
0
0
0
0
0
0
0
0
0
0
0
0
0
0
0
0
0
0
0
0
0
0
0
0
0
0
0
0
0
0
0
0
0
0
0
0
0
0
0
0
0
0
0
0
0
0
0
0
0
0
0
0
0
0
0
0
0
0
0
0
0
0
0
0
0
0
0
0
0
0
0
0
0
0
0
0
0
0
0
0
0
0
0
0
0
0
0
0
0
0
0
0
0
0
0
0
0
0
0
0
0
0
0
0
0
0
0
0
0
0
0
0
0
0
0
0
0
0
0
0
0
0
0
0
0
0
0
0
0
0
0
0
0
0
0
0
0
0
0
0
0
0
0
0
0
0
0
0
0
0
0
0
0
0
0
0
0
0
0
0
0
0
0
0
0
0
0
0
0
0
0
0
0
0
0
0
0
0
0
0
0
0
0
0
0
0
0
0
0
0
0
0
0
0
0
0
0
0
0
0
0
0
0
0
0
0
0
0
0
0
0
0
0
0
0
0
0
0
0
0
0
0
0
0
0
0
0
0
0
0
0
0
0
0
0
0
0
0
0
0
0
0
0
0
0
0
0
0
0
0
0
0
0
0
0
0
0
0
0
0
0
0
0
0
0
0
0
0
0
0
0
0
0
0
0
0
0
0
0
0
0
0
0
0
0
0
0
0
0
0
0
0
0
0
0
0
0
0
0
0
0
0
0
0
0
0
0
0
0
0
0
0
0
0
0
0
0
0
0
0
0
0
0
0
0
0
0
0
0
0
0
0
0
0
0
0
0
0
0
0
0
0
0
0
0
0
0
0
0
0
0
0
0
0
0
0
0
0
0
0
0
0
0
0
0
0
0
0
0
0
0
0
0
0
0
0
0
0
0
0
0
0
0
0
0
0
0
0
0
0
0
0
0
0
0
0
0
0
0
0
0
0
0
0
0
0
0
0
0
0
0
0
0
0
0
0
0
0
0
0
0
0
0
0
0
0
0
0
0
0
0
0
0
0
0
0
0
0
0
0
0
0
0
0
0
0
0
0
0
0
0
0
0
0
0
0
0
0
0
0
0
0
0
0
0
0
0
0
0
0
0
0
0
0
0
0
0
0
0
0
0
0
0
0
0
0
0
0
0
0
0
0
0
0
0
0
0
0
0
0
0
0
0
0
0
0
0
0
0
0
0
0
0
0
0
0
0
0
0
0
0
0
0
0
0
0
0
0
0
0
0
0
0
0
0
0
0
0
0
0
0
0
0
0
0
0
0
0
0
0
0
0
0
0
0
0
0
0
0
0
0
0
0
0
0
0
0
0
0
0
0
0
0
0
0
0
0
0
0
0
0
0
0
0
0
0
0
0
0
0
0
0
0
0
0
0
0
0
0
0
0
0
0
0
0
0
0
0
0
0
0
0
0
0
0
0
0
0
0
0
0
0
0
0
0
0
0
0
0
0
0
0
0
0
0
0
0
0
0
0
0
0
0
0
0
0
0
0
0
0
0
0
0
0
0
0
0
0
0
0
0
0
0
0
0
0
0
0
0
0
0
0
0
0
0
0
0
0
0
0
0
0
0
0
0
0
0
0
0
0
0
0
0
0
0
0
0
0
0
0
0
0
0
0
0
0
0
0
0
0
0
0
0
0
0
0
0
0
0
0
0
0
0
0
0
0
0
0
0
0
0
0
0
0
0
0
0
0
0
0
0
0
0
0
0
0
0
0
0
0
0
0
0
0
0
0
0
0
0
0
0
0
0
0
0
0
0
0
0
0
0
0
0
0
0
0
0
0
0
0
0
0
0
0
0
0
0
0
0
0
0
0
0
0
0
0
0
0
0
0
0
0
0
0
0
0
0
0
0
0
0
0
0
0
0
0
0
0
0
0
0
0
0
0
0
0
0
0
0
0
0
0
0
0
0
0
0
0
0
0
0
0
0
0
0
0
0
0
0
0
0
0
0
0
0
0
0
0
0
0
0
0
0
0
0
0
0
0
0
0
0
0
0
0
0
0
0
0
0
0
0
0
0
0
0
0
0
0
0
0
0
0
0
0
0
0
0
0
0
0
0
0
0
0
0
0
0
0
0
0
0
0
0
0
0
0
0
0
0
0
0
0
0
0
0
0
0
0
0
0
0
0
0
0
0
0
0
0
0
0
0
0
0
0
0
0
0
0
0
0
0
0
0
0
0
0
0
0
0
0
0
0
0
0
0
0
0
0
0
0
0
0
0
0
0
0
0
0
0
0
0
0
0
0
0
0
0
0
0
0
0
0
0
0
0
0
0
0
0
0
0
0
0
0
0
0
0
0
0
0
0
0
0
0
0
0
0
0
0
0
0
0
0
0
0
0
0
0
0
0
0
0
0
0
0
0
0
0
0
0
0
0
0
0
0
0
0
0
0
0
0
0
0
0
0
0
0
0
0
0
0
0
0
0
0
0
0
0
0
0
0
0
0
0
0
0
0
0
0
0
0
0
0
0
0
0
0
0
0
0
0
0
0
0
0
0
0
0
0
0
0
0
0
0
0
0
0
0
0
0
0
0
0
0
0
0
0
0
0
0
0
0
0
0
0
0
0
0
0
0
0
0
0
0
0
0
0
0
0
0
0
0
0
0
0
0
0
0
0
0
0
0
0
0
0
0
0
0
0
0
0
0
0
0
0
0
0
0
0
0
0
0
0
0
0
0
0
0
0
0
0
0
0
0
0
0
0
0
0
0
0
0
0
0
0
0
0
0
0
0
0
0
0
0
0
0
0
0
0
0
0
0
0
0
0
0
0
0
0
0
0
0
0
0
0
0
0
0
0
0
0
0
0
0
0
0
0
0
0
0
0
0
0
0
0
0
0
0
0
0
0
0
0
0
0
0
0
0
0
0
0
0
0
0
0
0
0
0
0
0
0
0
0
0
0
0
0
0
0
0
0
0
0
0
0
0
0
0
0
0
0
0
0
0
0
0
0
0
0
0
0
0
0
0
0
0
0
0
0
0
0
0
0
0
0
0
0
0
0
0
0
0
0
0
0
0
0
0
0
0
0
0
0
0
0
0
0
0
0
0
0
0
0
0
0
0
0
0
0
0
0
0
0
0
0
0
0
0
0
0
0
0
0
0
0
0
0
0
0
0
0
0
0
0
0
0
0
0
0
0
0
0
0
0
0
0
0
0
0
0
0
0
0
0
0
0
0
0
0
0
0
0
0
0
0
0
0
0
0
0
0
0
0
0
0
0
0
0
0
0
0
0
0
0
0
0
0
0
0
0
0
0
0
0
0
0
0
0
0
0
0
0
0
0
0
0
0
0
0
0
0
0
0
0
0
0
0
0
0
0
0
0
0
0
0
0
0
0
0
0
0
0
0
0
0
0
0
0
0
0
0
0
0
0
0
0
0
0
0
0
0
0
0
0
0
0
0
0
0
0
0
0
0
0
0
0
0
0
0
0
0
0
0
0
0
0
0
0
0
0
0
0
0
0
0
0
0
0
0
0
0
0
0
0
0
0
0
0
0
0
0
0
0
0
0
0
0
0
0
0
0
0
0
0
0
0
0
0
0
0
0
0
0
0
0
0
0
0
0
0
0
0
0
0
0
0
0
0
0
0
0
0
0
0
0
0
0
0
0
0
0
0
0
0
0
0
0
0
0
0
0
0
0
0
0
0
0
0
0
0
0
0
0
0
0
0
0
0
0
0
0
0
0
0
0
0
0
0
0
0
0
0
0
0
0
0
0
0
0
0
0
0
0
0
0
0
0
0
0
0
0
0
0
0
0
0
0
0
0
0
0
0
0
0
0
0
0
0
0
0
0
0
0
0
0
0
0
0
0
0
0
0
0
0
0
0
0
0
0
0
0
0
0
0
0
0
0
0
0
0
0
0
0
0
0
0
0
0
0
0
0
0
0
0
0
0
0
0
0
0
0
0
0
0
0
0
0
0
0
0
0
0
0
0
0
0
0
0
0
0
0
0
0
0
0
0
0
0
0
0
0
0
0
0
0
0
0
0
0
0
0
0
0
0
0
0
0
0
0
0
0
0
0
0
0
0
0
0
0
0
0
0
0
0
0
0
0
0
0
0
0
0
0
0
0
0
0
0
0
0
0
0
0
0
0
0
0
0
0
0
0
0
0
0
0
0
0
0
0
0
0
0
0
0
0
0
0
0
0
0
0
0
0
0
0
0
0
0
0
0
0
0
0
0
0
0
0
0
0
0
0
0
0
0
0
0
0
0
0
0
0
0
0
0
0
0
0
0
0
0
0
0
0
0
0
0
0
0
0
0
0
0
0
0
0
0
0
0
0
0
0
0
0
0
0
0
0
0
0
0
0
0
0
0
0
0
0
0
0
0
0
0
0
0
0
0
0
0
0
0
0
0
0
0
0
0
0
0
0
0
0
0
0
0
0
0
0
0
0
0
0
0
0
0
0
0
0
0
0
0
0
0
0
0
0
0
0
0
0
0
0
0
0
0
0
0
0
0
0
0
0
0
0
0
0
0
0
0
0
0
0
0
0
0
0
0
0
0
0
0
0
0
0
0
0
0
0
0
0
0
0
0
0
0
0
0
0
0
0
0
0
0
0
0
0
0
0
0
0
0
0
0
0
0
0
0
0
0
0
0
0
0
0
0
0
0
0
0
0
0
0
0
0
0
0
0
0
0
0
0
0
0
0
0
0
0
0
0
0
0
0
0
0
0
0
0
0
0
0
0
0
0
0
0
0
0
0
0
0
0
0
0
0
0
0
0
0
0
0
0
0
0
0
0
0
0
0
0
0
0
0
0
0
0
0
0
0
0
0
0
0
0
0
0
0
0
0
0
0
0
0
0
0
0
0
0
0
0
0
0
0
0
0
0
0
0
0
0
0
0
0
0
0
0
0
0
0
0
0
0
0
0
0
0
0
0
0
0
0
0
0
0
0
0
0
0
0
0
0
0
0
0
0
0
0
0
0
0
0
0
0
0
0
0
0
0
0
0
0
0
0
0
0
0
0
0
0
0
0
0
0
0
0
0
0
0
0
0
0
0
0
0
0
0
0
0
0
0
0
0
0
0
0
0
0
0
0
0
0
0
0
0
0
0
0
0
0
0
0
0
0
0
0
0
0
0
0
0
0
0
0
0
0
0
0
0
0
0
0
0
0
0
0
0
0
0
0
0
0
0
0
0
0
0
0
0
0
0
0
0
0
0
0
0
0
0
0
0
0
0
0
0
0
0
0
0
0
0
0
0
0
0
0
0
0
0
0
0
0
0
0
0
0
0
0
0
0
0
0
0
0
0
0
0
0
0
0
0
0
0
0
0
0
0
0
0
0
0
0
0
0
0
0
0
0
0
0
0
0
0
0
0
0
0
0
0
0
0
0
0
0
0
0
0
0
0
0
0
0
0
0
0
0
0
0
0
0
0
0
0
0
0
0
0
0
0
0
0
0
0
0
0
0
0
0
0
0
0
0
0
0
0
0
0
0
0
0
0
0
0
0
0
0
0
0
0
0
0
0
0
0
0
0
0
0
0
0
0
0
0
0
0
0
0
0
0
0
0
0
0
0
0
0
0
0
0
0
0
0
0
0
0
0
0
0
0
0
0
0
0
0
0
0
0
0
0
0
0
0
0
0
0
0
0
0
0
0
0
0
0
0
0
0
0
0
0
0
0
0
0
0
0
0
0
0
0
0
0
0
0
0
0
0
0
0
0
0
0
0
0
0
0
0
0
0
0
0
0
0
0
0
0
0
0
0
0
0
0
0
0
0
0
0
0
0
0
0
0
0
0
0
0
0
0
0
0
0
0
0
0
0
0
0
0
0
0
0
0
0
0
0
0
0
0
0
0
0
0
0
0
0
0
0
0
0
0
0
0
0
0
0
0
0
0
0
0
0
0
0
0
0
0
0
0
0
0
0
0
0
0
0
0
0
0
0
0
0
0
0
0
0
0
0
0
0
0
0
0
0
0
0
0
0
0
0
0
0
0
0
0
0
0
0
0
0
0
0
0
0
0
0
0
0
0
0
0
0
0
0
0
0
0
0
0
0
0
0
0
0
0
0
0
0
0
0
0
0
0
0
0
0
0
0
0
0
0
0
0
0
0
0
0
0
0
0
0
0
0
0
0
0
0
0
0
0
0
0
0
0
0
0
0
0
0
0
0
0
0
0
0
0
0
0
0
0
0
0
0
0
0
0
0
0
0
0
0
0
0
0
0
0
0
0
0
0
0
0
0
0
0
0
0
0
0
0
0
0
0
0
0
0
0
0
0
0
0
0
0
0
0
0
0
0
0
0
0
0
0
0
0
0
0
0
0
0
0
0
0
0
0
0
0
0
0
0
0
0
0
0
0
0
0
0
0
0
0
0
0
0
0
0
0
0
0
0
0
0
0
0
0
0
0
0
0
0
0
0
0
0
0
0
0
0
0
0
0
0
0
0
0
0
0
0
0
0
0
0
0
0
0
0
0
0
0
0
0
0
0
0
0
0
0
0
0
0
0
0
0
0
0
0
0
0
0
0
0
0
0
0
0
0
0
0
0
0
0
0
0
0
0
0
0
0
0
0
0
0
0
0
0
0
0
0
0
0
0
0
0
0
0
0
0
0
0
0
0
0
0
0
0
0
0
0
0
0
0
0
0
0
0
0
0
0
0
0
0
0
0
0
0
0
0
0
0
0
0
0
0
0
0
0
0
0
0
0
0
0
0
0
0
0
0
0
0
0
0
0
0
0
0
0
0
0
0
0
0
0
0
0
0
0
0
0
0
0
0
0
0
0
0
0
0
0
0
0
0
0
0
0
0
0
0
0
0
0
0
0
0
0
0
0
0
0
0
0
0
0
0
0
0
0
0
0
0
0
0
0
0
0
0
0
0
0
0
0
0
0
0
0
0
0
0
0
0
0
0
0
0
0
0
0
0
0
0
0
0
0
0
0
0
0
0
0
0
0
0
0
0
0
0
0
0
0
0
0
0
0
0
0
0
0
0
0
0
0
0
0
0
0
0
0
0
0
0
0
0
0
0
0
0
0
0
0
0
0
0
0
0
0
0
0
0
0
0
0
0
0
0
0
0
0
0
0
0
0
0
0
0
0
0
0
0
0
0
0
0
0
0
0
0
0
0
0
0
0
0
0
0
0
0
0
0
0
0
0
0
0
0
0
0
0
0
0
0
0
0
0
0
0
0
0
0
0
0
0
0
0
0
0
0
0
0
0
0
0
0
0
0
0
0
0
0
0
0
0
0
0
0
0
0
0
0
0
0
0
0
0
0
0
0
0
0
0
0
0
0
0
0
0
0
0
0
0
0
0
0
0
0
0
0
0
0
0
0
0
0
0
0
0
0
0
0
0
0
0
0
0
0
0
0
0
0
0
0
0
0
0
0
0
0
0
0
0
0
0
0
0
0
0
0
0
0
0
0
0
0
0
0
0
0
0
0
0
0
0
0
0
0
0
0
0
0
0
0
0
0
0
0
0
0
0
0
0
0
0
0
0
0
0
0
0
0
0
0
0
0
0
0
0
0
0
0
0
0
0
0
0
0
0
0
0
0
0
0
0
0
0
0
0
0
0
0
0
0
0
0
0
0
0
0
0
0
0
0
0
0
0
0
0
0
0
0
0
0
0
0
0
0
0
0
0
0
0
0
0
0
0
0
0
0
0
0
0
0
0
0
0
0
0
0
0
0
0
0
0
0
0
0
0
0
0
0
0
0
0
0
0
0
0
0
0
0
0
0
0
0
0
0
0
0
0
0
0
0
0
0
0
0
0
0
0
0
0
0
0
0
0
0
0
0
0
0
0
0
0
0
0
0
0
0
0
0
0
0
0
0
0
0
0
0
0
0
0
0
0
0
23
39
30
24
42
30
29
35
42
21
17
31
33
51
24
29
32
45
36
49
38
23
41
38
37
38
41
25
28
23
32
37
26
33
54
30
28
50
45
31
33
51
39
47
35
50
46
34
47
48
64
103
44
52
59
49
48
56
46
37
56
43
42
65
46
63
49
63
51
80
49
65
53
61
56
58
56
67
62
43
51
114
51
75
47
62
71
49
61
43
53
55
89
45
76
65
82
53
55
79
86
46
57
88
80
85
66
70
86
114
72
74
76
77
90
68
104
90
67
50
76
104
82
70
65
128
70
81
85
133
88
74
90
74
83
107
87
112
94
98
91
96
93
91
76
125
82
67
109
96
130
136
152
94
94
88
102
114
106
121
127
104
135
109
109
128
134
119
149
104
127
124
117
125
97
131
116
114
104
138
146
110
123
114
109
85
130
146
139
97
139
149
141
105
105
140
141
166
118
152
148
130
108
137
116
159
102
102
124
133
139
139
117
139
168
149
125
150
153
130
167
129
166
169
178
152
139
153
175
139
158
166
122
153
196
156
145
151
126
148
130
132
156
170
146
168
134
106
136
134
167
141
133
150
153
172
140
137
149
119
154
157
169
136
139
132
166
122
150
158
193
131
184
151
131
194
142
188
139
145
157
185
164
135
155
188
152
124
146
180
159
150
172
135
149
170
180
157
168
173
159
143
209
155
170
149
166
174
169
149
144
150
151
185
134
149
218
204
196
160
135
177
151
171
198
136
165
142
176
152
166
152
156
175
156
143
166
140
192
172
131
147
149
192
179
110
177
165
184
135
159
139
157
202
149
153
154
185
153
158
174
154
202
173
167
172
155
128
152
182
185
148
163
146
164
156
157
142
160
150
187
172
159
149
168
183
172
168
162
112
147
156
224
179
208
140
160
168
151
161
153
147
194
175
206
186
177
166
144
167
148
159
161
158
184
152
141
169
145
195
180
168
179
154
155
189
212
160
189
200
165
179
187
169
191
176
196
165
170
162
155
159
167
161
189
169
195
172
142
187
142
169
175
167
152
164
148
160
178
177
170
161
192
157
177
158
174
183
162
178
162
155
183
153
174
165
196
208
159
134
153
177
218
142
184
242
177
143
219
232
222
184
166
193
165
159
206
177
185
211
153
161
157
242
160
169
188
213
176
171
167
157
152
179
186
179
152
168
179
185
151
173
139
190
165
145
169
175
160
186
154
164
133
182
167
168
180
175
182
187
178
180
141
147
159
182
184
177
167
169
162
173
193
160
172
166
155
171
174
141
172
169
180
173
166
165
161
214
172
193
208
158
176
201
154
146
163
159
175
148
121
181
176
188
168
168
163
144
186
167
171
159
146
131
160
195
185
171
166
208
184
157
193
154
156
190
207
166
175
201
184
272
153
163
149
123
162
132
195
171
146
151
163
137
192
175
151
146
160
180
188
161
188
173
207
152
185
171
180
174
154
224
231
172
193
173
150
202
187
179
167
231
176
192
209
197
218
193
157
184
180
204
201
169
189
169
184
156
185
196
199
152
179
157
182
206
189
170
153
153
173
200
189
221
175
208
180
180
151
168
169
140
182
179
172
156
154
196
201
215
141
182
186
187
190
166
178
192
165
216
166
208
159
156
204
251
160
153
173
154
156
173
180
185
210
224
216
183
154
197
229
162
176
189
186
155
180
174
164
245
135
156
183
194
185
218
182
207
143
205
157
229
184
174
192
208
177
168
170
182
140
192
199
195
172
166
177
181
198
195
211
173
175
187
225
157
178
246
195
188
157
178
207
158
190
175
205
226
172
197
211
177
180
171
200
172
213
182
189
175
168
176
161
193
202
217
198
194
187
217
204
157
232
226
203
168
194
193
182
175
177
197
190
211
147
239
207
204
168
198
232
216
197
215
209
190
239
186
190
172
214
207
223
186
201
200
206
229
210
188
183
214
243
259
162
197
180
192
203
219
236
223
182
205
198
184
242
182
254
221
218
209
217
196
227
212
207
195
221
217
222
211
210
217
211
221
230
226
223
189
198
194
180
213
243
270
182
246
216
227
260
238
215
203
214
197
216
210
238
229
223
204
182
215
187
213
203
170
224
291
217
244
184
218
181
211
208
228
181
179
181
171
209
239
188
201
201
171
182
191
196
232
184
214
185
226
188
182
204
148
203
185
180
175
179
194
165
187
169
143
159
178
192
164
136
201
142
177
174
183
181
202
205
203
168
187
160
190
190
166
134
152
167
186
144
166
161
164
123
164
144
157
157
169
148
139
142
136
154
129
116
220
135
145
176
117
146
154
159
128
134
138
163
132
155
134
151
124
124
128
134
129
139
139
158
125
92
138
131
116
139
139
117
107
120
117
159
118
100
105
109
119
103
136
152
117
116
88
114
84
79
105
102
140
119
105
128
94
121
70
83
85
86
90
95
99
114
112
67
111
111
96
82
111
113
61
81
75
82
104
73
56
88
70
135
91
68
65
81
90
70
74
68
67
82
68
101
84
100
96
66
80
56
81
78
95
94
55
65
72
132
61
81
69
49
48
75
77
62
51
70
50
49
53
54
61
80
61
53
54
61
48
44
58
47
42
49
51
61
42
45
57
27
72
94
46
63
47
45
50
44
53
47
44
35
37
58
72
42
63
28
29
37
58
41
53
57
31
32
33
20
33
31
33
22
28
61
37
34
41
37
26
19
47
32
29
27
32
28
27
17
20
28
23
34
24
75
35
23
28
16
34
27
24
34
29
35
20
23
20
39
23
17
14
28
13
15
14
18
36
28
21
20
15
22
42
28
16
29
21
20
32
25
16
16
18
27
15
23
16
33
17
21
24
27
21
28
25
6
9
28
14
17
17
18
13
14
16
16
15
21
16
16
21
25
31
13
16
42
13
21
17
13
10
12
16
12
12
16
7
23
39
11
24
16
14
21
22
19
34
14
22
28
13
13
19
17
11
10
9
8
25
10
19
17
10
9
16
14
16
11
15
15
8
16
20
13
15
7
11
5
32
22
10
15
23
8
12
13
8
8
10
14
17
12
8
17
18
12
13
17
13
14
16
21
17
8
22
16
13
18
19
16
12
15
8
16
12
4
24
22
19
9
19
18
9
10
19
12
15
9
22
14
13
19
27
22
12
14
11
16
14
12
19
41
23
23
19
24
28
9
19
25
27
20
31
17
27
17
14
24
16
27
16
11
30
31
35
22
21
33
27
27
39
22
46
24
24
31
21
32
37
35
26
28
42
25
32
38
20
37
36
21
38
25
35
52
49
27
34
41
30
21
31
35
44
31
37
33
48
38
22
43
31
40
40
40
55
38
29
46
42
56
47
30
62
25
50
52
56
33
33
35
92
42
53
53
46
56
71
49
46
49
46
52
61
65
60
44
61
58
38
55
89
58
48
64
60
69
75
71
68
76
53
46
74
51
74
71
59
48
65
83
67
85
79
60
53
57
67
65
79
67
71
65
83
76
71
75
86
90
71
74
91
75
79
72
110
64
66
96
78
75
67
102
85
82
79
102
103
88
134
78
103
91
72
116
98
99
115
91
127
128
75
120
125
90
92
109
116
101
120
123
93
113
124
127
125
93
114
118
120
122
135
167
135
178
137
105
139
124
162
110
120
163
118
119
117
141
191
128
131
131
147
135
153
156
160
145
130
143
153
137
158
162
142
134
151
168
197
167
124
145
117
160
154
136
168
181
172
145
188
153
160
172
201
161
157
177
170
234
161
170
171
198
161
198
182
196
163
172
227
189
186
167
170
169
182
182
199
215
181
199
198
189
167
187
167
192
253
172
149
183
209
205
191
219
209
182
226
171
175
202
200
239
224
182
172
238
208
176
227
156
179
190
179
160
146
210
182
217
237
174
165
197
240
175
169
184
200
208
208
181
204
200
142
226
192
279
192
209
162
206
211
273
226
228
168
191
145
277
204
193
174
240
200
225
175
205
220
195
180
189
219
197
162
196
197
200
211
196
218
216
147
228
233
227
201
206
207
242
236
276
174
179
181
209
193
178
178
173
168
194
209
194
191
205
205
174
199
208
201
160
224
181
187
233
210
218
178
185
176
196
187
240
216
217
197
212
240
223
205
235
169
225
186
219
172
189
195
219
211
187
199
196
186
149
204
205
197
201
208
196
238
215
170
195
191
188
208
202
215
176
187
177
176
186
200
207
190
215
189
190
206
177
199
186
206
184
236
175
262
271
256
201
223
212
225
225
251
238
260
218
192
205
200
213
194
225
243
313
202
227
234
180
205
195
229
240
180
208
163
199
181
212
230
239
201
196
195
214
208
230
187
242
176
173
254
223
249
207
223
200
251
205
217
226
223
187
209
211
228
247
213
166
187
199
243
188
208
213
242
167
243
195
197
212
157
192
216
212
210
204
176
188
247
196
188
208
227
163
218
236
214
180
195
187
211
154
230
152
185
161
277
176
213
178
176
162
226
168
163
205
182
187
202
181
158
170
163
206
186
192
214
196
175
207
197
191
269
187
203
184
155
228
210
181
202
174
203
211
194
206
226
220
278
219
229
191
216
170
207
181
185
189
169
188
200
179
242
206
195
287
258
175
177
223
152
196
184
206
193
193
217
184
169
200
186
223
188
186
140
186
180
177
156
177
161
276
223
164
146
242
214
192
211
185
173
189
152
148
156
171
191
162
178
174
177
202
167
181
174
164
181
127
191
165
143
144
147
174
173
171
152
153
153
153
143
146
170
150
157
171
183
181
172
178
148
136
168
184
184
175
177
178
159
129
172
184
205
168
175
172
167
168
141
155
199
208
139
179
174
206
181
134
151
129
158
148
197
163
162
160
164
198
167
117
147
177
141
161
141
143
263
187
181
140
159
162
135
172
139
198
165
180
162
174
134
161
185
158
178
199
132
175
161
171
179
160
190
178
194
176
136
159
158
157
176
163
204
137
143
172
202
182
241
145
170
186
180
151
204
162
174
192
142
174
172
179
170
164
152
155
232
179
206
228
164
179
154
184
188
165
151
177
151
198
191
168
178
192
176
193
218
216
156
172
204
180
183
187
159
171
211
200
160
176
178
202
169
191
169
139
236
193
201
160
176
177
180
197
206
203
213
197
173
212
197
196
185
189
222
206
151
220
193
169
189
207
203
181
226
197
198
190
177
176
206
203
220
193
225
222
200
210
176
211
211
187
185
240
191
220
193
208
200
229
161
213
244
225
260
210
226
221
243
182
235
244
215
224
207
228
225
210
247
235
189
241
203
253
187
284
214
214
198
234
201
213
223
200
209
255
186
224
213
216
184
239
253
201
216
224
259
226
257
202
216
244
220
226
209
255
232
192
201
285
221
284
226
225
210
322
223
226
225
221
185
219
199
307
274
224
222
275
211
245
218
226
233
240
176
229
202
234
227
231
222
183
213
322
248
194
213
183
253
228
256
212
177
229
221
221
212
198
188
223
180
220
171
189
200
209
253
225
190
176
226
224
208
300
166
172
193
191
192
202
177
221
223
179
164
141
197
160
157
184
147
209
190
189
181
195
189
195
177
159
159
206
180
178
192
191
177
175
194
148
199
149
153
131
179
152
155
136
164
152
115
117
140
196
151
122
151
157
174
148
147
151
121
114
117
125
136
173
181
114
132
119
138
122
118
126
108
139
113
138
136
141
114
141
120
112
129
127
112
97
104
95
122
72
98
91
83
131
108
65
127
100
100
89
99
85
88
75
109
105
89
119
81
117
100
87
118
83
103
136
79
100
102
68
82
105
75
63
85
102
95
87
79
82
79
78
91
66
69
80
64
92
73
56
76
75
45
54
58
66
48
46
65
109
59
57
60
77
55
49
49
51
94
54
48
35
49
62
39
40
53
50
46
54
73
50
38
43
41
30
50
67
50
60
46
30
53
49
43
52
33
60
57
48
43
58
28
39
47
27
66
55
49
46
72
45
35
26
44
34
55
22
52
29
38
27
31
33
49
34
49
39
29
20
38
17
29
34
38
53
31
56
41
22
28
18
53
42
30
21
27
29
23
16
29
24
30
19
32
18
21
15
17
24
29
22
22
35
32
17
17
11
28
26
26
17
13
11
15
15
10
12
17
7
27
13
24
24
22
12
12
20
44
16
23
19
8
20
26
17
14
18
20
20
25
20
10
20
20
20
16
10
17
23
33
7
38
14
12
10
12
19
23
23
9
25
20
14
17
25
12
6
16
13
7
14
24
22
21
19
7
17
14
11
14
11
20
7
11
13
23
14
11
15
19
13
24
11
12
21
20
9
13
12
11
21
29
15
11
12
13
18
5
26
22
15
28
13
15
11
22
16
11
28
10
4
28
16
7
29
19
15
26
15
26
21
14
36
27
21
28
13
27
11
17
21
25
11
15
9
30
22
12
18
20
27
11
18
10
25
21
32
30
32
40
30
35
23
28
12
20
36
17
29
32
37
24
24
23
34
41
34
34
23
13
38
23
26
20
46
26
30
29
29
37
22
48
30
42
22
38
24
26
39
39
41
31
40
15
34
44
29
41
45
51
36
28
59
71
65
33
44
46
41
38
66
55
43
52
37
51
62
51
57
51
31
45
53
54
79
39
43
50
41
62
70
33
75
47
43
49
49
72
46
59
71
75
91
54
48
65
52
69
91
74
67
58
50
58
60
61
111
59
48
63
62
139
56
48
50
68
77
65
62
76
74
51
65
77
52
73
79
68
79
60
61
71
71
78
94
61
86
73
62
79
61
90
98
80
68
94
93
85
118
98
63
68
85
98
86
97
105
91
94
81
99
109
110
74
81
69
72
99
114
88
104
99
87
85
98
107
109
93
97
108
104
114
114
143
111
113
117
103
125
114
141
118
84
109
140
136
158
124
117
125
150
117
132
103
149
146
109
157
138
110
115
133
136
176
130
149
157
141
151
172
129
158
128
204
116
130
136
158
163
169
144
138
164
176
168
171
141
171
155
186
170
150
144
143
134
180
174
142
150
168
160
163
169
145
201
174
162
161
194
164
145
163
137
179
179
149
183
162
176
154
168
183
179
161
160
169
192
152
175
219
234
174
184
158
174
161
173
168
186
171
198
158
206
201
207
181
196
177
193
215
204
191
210
182
169
233
236
170
203
155
186
209
147
182
183
175
198
188
171
215
189
188
174
180
214
151
182
194
241
163
172
143
161
179
190
176
169
182
193
182
173
196
193
219
239
181
194
190
199
195
181
180
157
193
168
171
194
206
148
198
144
160
189
181
154
205
148
198
259
193
187
185
169
205
192
203
139
144
158
142
205
159
310
200
205
177
245
177
191
192
167
171
226
145
301
210
175
217
170
167
204
175
187
217
152
197
192
190
193
173
175
191
171
208
167
168
222
176
192
194
182
210
151
177
221
191
145
203
158
140
204
177
143
215
193
219
236
185
173
150
208
203
215
194
153
200
183
159
161
161
192
227
222
207
178
210
202
181
164
170
171
217
168
197
211
172
201
199
221
191
170
174
180
203
177
149
167
192
160
186
183
214
179
192
196
185
197
195
221
199
204
177
178
211
209
182
249
186
175
164
180
153
229
190
182
194
217
158
194
240
216
171
180
210
203
204
223
193
182
152
176
173
247
191
151
171
165
173
183
181
148
198
157
179
164
194
200
169
141
183
179
180
172
184
112
158
191
172
125
158
156
184
147
156
163
195
175
182
187
205
187
190
184
172
191
127
152
163
155
125
138
161
150
161
171
233
163
184
163
162
181
150
173
193
144
155
156
152
165
169
166
156
192
187
173
169
141
141
160
162
176
133
158
193
177
178
177
198
166
138
143
150
224
182
150
148
175
168
155
166
146
154
165
143
188
149
143
189
148
157
149
134
184
183
179
168
152
147
161
129
217
182
136
178
197
135
168
151
182
159
196
182
149
149
171
163
167
159
184
133
145
147
179
169
157
151
119
108
163
135
150
170
173
147
154
132
134
146
163
179
152
154
124
169
156
159
163
165
124
205
144
131
155
136
116
167
227
178
149
120
114
181
142
143
142
153
160
184
157
158
127
161
156
152
162
165
193
142
146
151
185
222
144
201
158
191
149
148
146
150
150
124
158
124
122
151
155
128
153
184
193
137
133
182
140
127
168
156
159
143
128
127
151
124
158
136
151
181
154
155
157
150
129
124
151
167
114
143
157
134
137
178
134
128
127
133
126
136
182
138
147
188
171
129
144
131
150
179
148
172
132
150
155
187
161
178
140
139
144
142
182
188
135
149
197
189
168
168
135
145
138
161
176
152
168
185
167
145
161
168
126
152
178
154
162
175
133
214
132
163
148
143
118
145
169
148
165
174
175
130
184
183
142
202
143
149
149
151
187
165
137
192
164
148
160
155
195
188
153
191
190
170
149
198
155
172
161
160
152
161
146
211
171
163
130
175
224
187
153
154
182
164
207
199
167
187
154
181
181
157
188
166
180
155
163
182
173
146
184
179
156
192
169
133
184
204
235
164
191
178
159
162
188
190
251
180
185
214
179
198
235
196
179
179
172
167
198
227
201
217
222
185
169
206
165
203
209
201
166
208
226
171
227
192
221
171
224
225
235
208
260
169
190
186
240
201
208
244
232
156
195
199
207
219
161
251
199
201
215
229
203
223
182
200
195
178
209
209
228
166
166
205
210
192
171
181
189
195
189
185
192
226
195
223
211
208
241
196
180
175
168
168
186
198
176
161
169
188
165
188
185
177
163
206
191
170
191
180
196
189
208
182
167
197
168
155
149
150
186
182
143
153
129
176
147
209
187
150
158
139
158
157
181
166
140
156
153
158
176
163
152
135
125
154
144
140
129
135
117
162
116
145
112
145
171
126
97
133
103
161
103
111
142
129
109
127
137
167
123
100
145
97
100
119
123
126
113
118
109
112
124
108
118
106
129
100
115
102
114
106
146
118
113
116
100
123
101
87
128
96
102
103
143
119
85
117
88
106
101
87
68
92
112
95
103
66
114
81
78
78
72
75
83
79
84
109
70
57
59
94
78
73
90
102
57
74
72
78
59
65
72
98
94
86
54
76
88
78
92
57
56
88
75
98
55
85
82
66
49
63
44
66
87
51
63
46
38
64
70
59
61
63
60
63
48
52
82
67
48
70
48
53
50
55
49
34
64
62
46
45
64
57
47
36
51
32
38
27
52
35
43
36
54
45
48
39
24
37
38
39
35
40
45
54
41
30
44
43
29
22
38
40
31
65
23
42
26
52
37
27
28
27
29
38
44
38
38
39
28
44
29
38
32
37
22
24
34
26
15
32
36
20
20
30
19
24
27
31
26
50
30
28
14
32
25
23
18
22
8
25
21
19
52
36
25
13
29
34
19
25
28
29
15
18
18
32
25
18
25
21
16
11
9
37
35
26
12
13
19
32
19
12
23
39
27
37
24
44
14
16
21
40
13
25
24
14
32
12
31
23
22
14
7
29
21
13
14
17
12
25
24
28
22
22
37
26
24
12
12
14
13
23
11
7
16
29
20
36
20
17
13
8
19
11
8
12
7
19
23
21
10
16
27
20
29
18
22
22
27
18
27
12
21
22
18
13
22
21
18
20
13
17
16
23
20
22
9
19
25
26
13
15
20
18
32
23
16
15
20
22
24
18
23
37
30
23
28
30
15
40
25
27
27
14
10
23
24
26
16
36
14
23
29
16
32
25
20
23
19
36
20
47
30
32
21
28
26
25
34
32
30
40
33
32
46
35
42
41
31
33
21
23
16
23
26
33
37
26
29
43
30
39
46
29
38
55
63
40
61
44
41
35
29
48
49
46
53
40
37
66
52
38
42
48
47
50
42
48
38
81
50
37
59
33
63
48
29
46
41
43
47
72
30
43
56
52
56
68
57
82
46
58
46
51
52
67
61
46
70
87
61
60
76
71
53
36
81
66
42
63
69
73
76
81
72
84
80
81
65
80
84
87
65
55
71
98
58
87
60
91
65
73
73
83
80
101
79
99
89
77
68
83
85
84
58
89
82
89
98
67
71
85
110
99
68
81
102
97
90
106
81
76
116
100
87
82
82
83
115
117
97
135
104
125
106
108
88
105
124
109
90
133
95
92
107
119
130
119
113
121
101
106
90
117
141
138
142
102
135
145
129
130
128
106
137
143
185
134
134
130
156
130
120
114
136
129
117
123
130
162
125
131
140
132
121
157
164
163
139
176
167
195
183
143
168
176
170
173
130
179
141
180
170
169
143
161
179
171
160
143
174
178
153
167
157
157
159
174
162
186
168
162
151
184
210
141
168
160
182
169
170
234
214
151
192
186
230
180
167
182
189
157
222
193
162
202
205
181
209
160
165
213
145
166
148
199
167
210
159
203
215
217
188
176
213
224
223
185
178
224
176
187
175
181
210
165
218
210
202
183
212
206
205
228
206
220
184
199
179
184
194
235
177
173
207
231
171
205
224
236
212
173
192
209
263
194
217
256
192
214
208
172
211
241
214
217
189
237
159
216
203
197
216
169
196
216
190
236
217
187
227
217
215
219
223
194
160
176
201
192
218
190
200
188
197
176
206
209
179
232
166
208
217
226
164
188
211
198
207
180
258
264
166
166
200
235
209
187
188
210
190
234
239
193
219
227
222
229
205
214
326
211
198
136
170
214
169
170
233
172
140
204
211
218
199
213
226
183
123
196
184
184
203
201
233
179
176
203
200
211
159
201
191
176
188
202
238
229
169
189
227
178
205
260
189
187
186
178
235
184
148
216
185
197
221
173
208
209
249
156
169
186
213
244
221
190
229
208
179
181
175
206
179
181
206
222
189
255
198
210
177
229
205
199
140
237
240
228
211
204
206
178
196
207
250
236
154
175
211
170
198
186
172
218
234
178
179
200
198
188
198
210
198
169
154
226
192
203
203
210
194
206
221
173
190
210
222
181
199
211
194
199
231
202
222
223
199
167
174
170
162
178
203
209
198
271
213
228
175
206
145
187
221
211
215
185
204
197
167
178
173
199
166
159
215
188
223
203
186
189
178
173
160
181
204
204
184
174
190
180
183
166
201
147
191
213
182
193
194
197
187
169
186
203
189
160
182
190
161
217
197
185
142
141
165
164
175
155
210
167
196
207
215
203
143
191
186
175
220
168
191
203
177
142
161
195
154
172
163
203
164
156
196
190
148
175
176
155
171
217
175
163
219
142
155
214
172
182
150
200
168
187
189
191
153
161
194
194
151
143
159
203
113
190
181
182
138
184
168
177
180
192
179
213
190
197
169
196
181
169
178
167
144
219
152
135
166
146
186
172
155
167
148
176
142
209
156
195
162
167
158
146
138
139
133
176
175
164
143
127
186
148
153
183
170
220
129
132
158
140
125
159
125
171
171
123
184
178
136
148
194
164
217
161
184
175
135
142
133
177
167
145
149
139
153
179
166
150
155
152
177
156
124
198
215
160
178
139
153
149
174
132
159
200
138
169
171
189
163
144
201
167
153
184
177
183
153
150
117
173
165
173
165
158
140
148
158
154
162
156
197
166
162
165
167
177
134
202
187
182
177
169
151
180
183
172
179
182
213
142
140
180
156
140
170
159
184
161
147
134
170
183
196
191
215
180
198
167
178
199
189
144
154
155
182
142
157
170
189
168
185
166
151
145
178
184
215
195
168
177
163
174
174
210
182
184
223
215
145
158
210
242
170
190
179
172
227
150
183
192
215
235
212
194
160
196
181
181
214
191
159
200
206
200
192
151
228
189
191
205
156
191
185
239
180
213
187
172
203
172
201
191
177
207
241
188
191
172
217
239
183
250
174
188
188
188
207
222
188
217
214
215
202
200
209
209
251
215
202
211
182
198
208
196
209
230
177
191
223
181
171
235
178
221
207
221
196
189
167
180
231
243
227
231
204
216
230
202
195
188
193
228
199
222
151
181
189
208
238
229
186
192
204
218
171
211
188
247
164
183
232
179
246
200
201
211
204
228
200
200
249
212
237
214
228
191
174
228
204
170
218
185
209
180
228
197
188
225
168
205
212
161
205
146
154
208
235
138
211
182
170
152
191
214
181
208
159
165
183
162
182
205
164
142
231
171
158
171
170
205
164
193
176
185
190
162
160
162
123
173
197
147
154
150
171
143
130
132
127
134
153
132
147
151
147
137
115
174
149
146
136
139
138
137
154
98
125
145
153
140
124
153
98
127
112
141
127
130
103
163
132
100
111
122
137
134
139
120
120
87
101
106
124
132
98
119
147
112
104
88
69
91
82
104
109
96
78
107
103
98
114
87
98
95
81
71
147
84
104
116
87
104
167
93
146
72
87
107
81
77
82
65
290
75
84
91
90
95
66
73
53
77
83
182
70
64
72
64
66
88
72
80
74
80
85
63
67
88
62
57
76
58
98
82
76
60
77
73
50
34
55
45
50
65
58
52
45
79
64
43
37
46
43
56
42
41
48
55
51
45
91
57
21
69
95
27
53
43
39
33
51
53
42
47
29
41
41
39
27
55
41
54
45
31
28
64
67
69
36
42
98
37
29
36
40
28
44
43
41
45
34
40
76
37
35
43
32
32
25
38
33
30
37
29
26
37
44
51
26
34
32
36
45
45
33
32
31
26
16
49
26
40
28
31
28
30
40
35
33
40
32
27
28
31
23
32
27
19
35
23
42
20
26
43
41
20
18
22
19
29
22
49
21
31
32
34
24
24
15
31
39
29
28
14
30
29
19
27
23
32
21
16
11
21
42
29
17
29
12
23
38
19
34
25
28
14
33
20
24
24
42
48
32
19
19
19
38
26
32
27
19
16
42
21
35
27
24
22
17
16
17
47
37
23
22
15
35
30
28
22
18
28
14
31
27
29
29
27
23
33
34
27
40
40
30
26
15
47
21
22
23
20
21
11
28
29
22
26
28
38
17
40
28
63
28
39
27
27
30
32
25
44
34
38
43
37
39
19
27
37
57
43
48
39
51
24
37
34
21
43
54
40
14
48
45
49
17
38
26
50
38
42
37
28
41
39
48
50
33
62
48
47
41
31
38
71
32
59
61
71
40
57
66
43
51
35
57
52
49
54
56
61
69
58
48
79
38
72
52
51
47
44
44
76
56
54
44
57
61
48
62
64
74
40
67
59
58
49
115
72
72
52
64
81
68
75
44
67
77
62
62
61
100
47
64
77
86
81
56
84
82
72
83
65
85
75
72
51
75
92
104
72
77
92
75
117
79
98
98
101
72
69
120
99
80
103
81
91
106
90
131
90
101
118
84
100
86
133
106
113
104
140
80
131
110
116
72
110
125
110
98
118
130
101
114
100
135
117
96
124
125
113
121
130
119
120
103
118
134
141
127
175
146
111
171
105
116
160
147
132
123
144
158
149
121
119
117
131
167
169
166
147
168
185
185
149
174
140
120
167
137
178
177
169
216
147
128
159
174
166
184
190
166
189
181
150
159
211
207
213
167
201
205
164
189
184
186
181
181
210
187
150
164
184
204
213
201
212
206
168
204
193
197
190
180
190
212
213
192
202
281
190
240
195
164
228
195
203
213
210
179
195
215
208
184
192
226
204
246
237
213
199
179
205
218
220
200
248
217
256
200
240
254
240
263
232
227
218
187
208
246
238
269
219
259
266
220
232
225
212
216
219
317
196
197
207
228
201
229
222
242
293
234
230
217
232
235
259
252
235
207
270
252
216
232
253
219
212
241
230
175
246
188
214
233
242
218
260
190
235
276
206
198
214
216
201
229
222
221
236
234
226
225
227
247
245
202
216
234
242
239
210
256
240
256
233
239
199
202
254
193
199
219
250
261
252
252
261
240
215
236
228
253
233
239
226
241
217
204
276
217
223
226
206
217
214
243
226
225
252
280
240
203
183
263
242
264
208
227
238
277
231
208
234
221
266
225
241
233
220
251
246
335
198
301
220
271
231
279
244
224
219
196
249
212
260
270
262
297
307
229
243
261
281
216
248
246
259
214
245
251
236
216
272
203
226
266
266
216
264
268
269
278
209
249
244
221
270
195
225
214
210
287
222
240
208
245
235
224
224
299
210
209
257
250
251
222
284
210
207
202
228
229
233
246
224
282
243
194
218
233
229
284
237
205
211
218
220
248
256
221
223
245
221
229
192
215
225
211
241
214
222
226
200
252
211
234
212
200
202
215
215
222
206
244
207
244
236
212
216
249
200
198
267
255
207
225
248
179
206
223
168
193
208
212
202
237
273
207
210
192
200
207
242
226
210
247
174
231
237
175
211
196
207
185
189
248
204
204
210
224
206
225
209
242
196
199
198
162
234
283
204
219
176
242
190
169
200
140
223
251
146
180
220
221
194
220
156
193
177
209
197
205
144
158
166
166
209
206
196
261
205
178
248
163
201
175
228
189
214
201
168
180
201
169
180
189
173
160
193
209
212
200
156
186
199
221
197
169
148
197
191
172
164
250
205
171
170
172
176
211
154
168
182
178
199
163
198
167
175
189
209
187
184
223
222
231
202
171
209
171
114
167
156
132
197
155
171
190
194
162
191
193
180
168
142
168
208
134
168
156
215
187
169
173
163
180
184
158
127
156
147
168
181
140
157
176
168
146
174
158
186
189
162
210
198
160
150
147
135
149
174
158
165
142
152
153
161
158
172
141
144
181
139
174
172
168
196
142
157
156
128
167
150
170
157
185
173
186
156
143
158
159
195
149
164
153
150
162
214
167
173
190
127
149
153
208
158
177
150
163
202
132
168
164
152
156
140
138
180
169
128
158
135
160
201
162
156
157
172
137
186
167
205
183
178
157
153
151
160
204
181
150
138
166
191
178
156
151
143
191
150
186
223
165
173
147
186
163
185
159
187
166
150
213
153
174
182
240
192
228
171
189
187
214
170
186
187
227
178
187
190
183
176
180
193
142
139
170
189
184
172
165
172
182
213
168
164
197
178
175
180
188
243
139
181
164
173
160
185
197
215
190
176
197
186
197
218
188
211
218
226
246
185
184
205
183
221
217
160
210
174
252
243
182
209
209
201
213
192
198
213
209
170
222
184
233
195
179
176
187
195
177
215
215
205
186
219
178
214
203
197
179
173
251
215
243
205
207
236
228
225
191
182
203
250
227
205
197
200
221
215
239
222
228
205
192
223
194
211
236
206
203
208
183
251
186
203
196
202
221
243
270
181
235
178
210
207
219
201
199
201
205
171
217
215
252
209
234
233
207
239
210
207
215
177
201
227
217
218
175
184
206
194
205
183
237
188
145
186
215
197
204
205
209
206
212
201
200
234
175
185
160
191
220
211
209
192
185
161
168
167
152
198
210
185
194
185
172
181
194
189
173
159
179
131
172
168
165
185
174
153
166
178
169
150
211
194
179
148
154
144
176
206
178
167
158
161
169
173
155
184
132
125
144
138
132
141
160
157
171
132
112
165
148
136
141
139
124
136
157
134
135
110
149
120
137
140
111
116
143
146
116
122
148
147
114
120
100
117
134
128
134
127
98
117
138
98
152
115
128
110
90
112
82
105
130
99
106
118
95
107
102
118
105
87
76
99
125
125
113
90
77
96
90
116
117
273
113
91
142
94
123
124
80
98
145
123
87
87
101
67
83
88
67
76
92
98
94
105
74
83
53
58
64
80
82
76
78
66
110
169
73
52
58
74
62
70
88
84
78
67
86
58
52
61
49
78
44
60
74
54
60
80
47
52
60
66
36
51
61
56
51
51
63
46
44
61
41
73
75
53
53
47
87
69
55
60
76
61
38
54
55
49
30
50
45
81
30
41
54
41
49
43
30
42
49
46
58
49
37
44
31
67
35
46
43
38
56
50
41
48
59
37
32
26
55
40
32
69
49
51
47
40
53
71
35
37
36
39
32
41
26
43
64
45
23
48
24
24
24
45
27
20
52
51
25
21
32
48
38
16
24
44
35
29
35
35
44
20
36
52
16
45
39
38
33
27
20
38
38
48
20
25
27
36
29
21
33
20
43
33
22
27
17
30
36
37
62
24
39
37
22
22
38
35
27
30
26
28
26
56
26
38
20
34
30
14
30
22
20
26
21
18
31
10
48
31
43
28
37
23
24
50
33
22
26
26
42
31
15
28
30
36
17
30
26
24
26
31
38
71
39
35
59
26
21
34
36
31
33
37
31
25
45
30
76
26
85
21
39
39
28
47
26
51
44
35
30
21
35
47
50
30
27
39
24
42
34
28
33
39
29
48
57
51
32
41
53
40
60
46
43
56
56
28
56
38
44
63
53
60
48
36
58
59
51
38
53
34
30
58
44
63
60
50
58
68
37
67
48
39
50
44
51
58
49
63
49
52
56
56
73
77
45
53
106
59
62
40
50
38
61
62
59
42
56
57
56
68
64
76
71
88
48
84
79
87
52
56
70
62
59
64
80
92
86
97
79
66
86
78
78
78
81
72
79
84
71
81
90
78
82
114
72
107
96
96
100
91
75
98
87
82
107
93
127
95
82
83
109
98
83
85
111
81
98
79
130
90
103
108
83
113
125
113
116
116
118
130
136
136
137
115
134
102
109
109
119
74
98
109
132
116
111
133
122
154
110
113
133
123
140
113
140
132
136
118
140
129
131
131
151
108
192
144
129
163
147
132
178
145
181
148
111
166
148
134
182
112
151
161
125
142
184
187
168
171
177
155
156
130
203
135
198
161
197
190
199
190
196
165
163
173
157
212
213
186
221
185
201
203
217
188
189
195
220
195
203
210
202
225
234
233
185
200
156
234
195
258
229
192
191
200
275
237
178
201
232
315
205
193
260
187
226
212
236
230
204
210
218
239
199
203
188
167
227
233
218
171
225
191
223
212
243
228
248
230
258
225
245
199
191
240
215
237
253
260
241
257
259
285
221
231
214
218
225
227
251
278
228
247
284
285
299
262
290
218
266
253
256
240
289
279
299
271
255
292
261
311
286
253
279
249
231
277
261
276
245
269
248
273
246
245
236
241
288
274
257
249
259
247
252
213
195
270
235
221
259
249
275
291
281
273
303
200
235
239
293
266
232
264
252
253
294
261
218
273
294
313
227
230
250
245
299
273
295
247
230
209
182
267
282
360
302
257
243
234
255
252
297
224
252
251
223
248
226
298
236
285
276
239
254
256
208
264
241
255
305
282
275
297
249
253
246
255
263
226
216
261
271
233
224
205
254
235
236
219
249
289
280
241
307
243
311
247
286
272
311
284
246
240
266
220
272
262
244
268
288
259
300
223
251
216
261
234
236
227
261
231
234
324
222
198
242
262
200
271
274
239
294
286
237
215
242
209
231
241
222
275
263
290
259
210
245
212
219
286
282
229
260
269
308
270
235
227
256
270
229
223
251
184
264
212
221
243
255
236
238
226
253
277
204
229
234
204
290
219
231
256
246
270
214
248
246
219
228
252
238
238
220
227
296
281
250
275
206
281
272
268
233
239
283
239
225
267
195
247
201
217
237
227
250
230
237
232
243
245
237
203
213
251
202
259
290
219
230
205
209
265
261
246
212
257
237
197
248
216
179
198
205
243
179
238
203
249
218
262
203
220
243
174
290
264
232
203
186
252
212
241
161
200
235
200
165
218
238
242
235
271
179
209
202
201
223
182
194
210
190
264
204
214
217
247
204
189
215
191
211
198
207
173
230
202
206
266
232
217
222
186
216
198
220
245
204
224
206
198
213
220
188
196
203
180
205
178
233
202
218
195
227
208
187
245
193
218
212
197
226
222
216
244
212
259
220
193
280
209
203
222
233
181
173
187
238
218
194
225
165
175
172
196
218
148
217
189
226
215
211
182
194
211
203
247
217
254
192
218
154
193
234
204
188
267
206
206
215
203
210
203
171
218
194
231
166
171
190
194
181
254
204
191
202
258
229
212
206
214
198
192
180
194
165
162
181
240
221
195
201
200
172
193
171
208
208
177
189
142
207
171
208
212
197
213
243
162
197
227
188
265
185
213
215
221
169
191
157
183
190
228
216
198
165
215
197
176
229
212
206
215
185
222
219
180
190
201
198
226
216
184
177
242
199
222
169
201
178
197
160
182
198
194
159
136
165
169
175
179
189
174
216
174
182
197
187
227
195
204
160
196
209
183
191
191
205
149
194
204
223
172
199
214
204
198
215
189
191
202
222
188
184
187
225
268
209
220
185
190
222
233
207
192
206
242
231
254
197
203
195
175
185
178
219
161
196
166
159
186
203
228
221
193
166
177
184
209
188
229
199
181
226
246
196
194
175
191
231
170
226
157
176
201
207
221
227
189
233
178
170
200
213
201
200
212
274
161
196
228
214
189
173
215
223
192
210
196
173
174
164
184
166
225
184
213
177
203
179
202
199
204
197
213
183
179
208
212
173
246
191
204
208
178
187
173
242
202
240
199
280
227
191
204
219
225
206
186
198
225
174
232
218
193
186
209
203
197
201
236
208
224
201
191
182
213
233
181
238
207
230
175
222
219
157
153
221
215
190
199
197
214
166
174
184
246
143
169
203
169
192
216
195
160
210
172
163
186
224
188
163
194
202
144
190
206
206
212
189
193
196
158
198
188
221
226
205
169
209
212
194
166
210
217
152
162
212
188
161
185
191
200
140
196
156
181
179
153
194
129
163
214
173
169
156
198
233
217
174
200
196
185
161
192
182
184
169
162
168
182
176
168
187
251
175
143
162
193
176
140
166
141
163
197
152
145
153
164
230
151
333
163
149
134
140
103
147
157
151
143
123
144
150
188
130
140
166
142
220
136
141
167
121
134
161
148
156
118
151
107
140
177
95
130
133
183
121
133
109
120
129
119
128
126
126
122
153
153
125
108
115
99
142
120
112
111
116
186
133
93
125
138
73
115
101
118
136
128
130
109
109
74
128
88
101
142
193
111
101
122
98
71
66
92
181
75
80
71
83
71
103
90
93
77
90
60
89
82
80
74
86
65
65
92
79
65
56
73
85
74
111
72
77
59
52
75
57
71
89
71
78
81
84
75
88
45
64
56
48
78
79
88
67
61
97
63
67
47
53
59
68
57
41
57
69
45
68
57
52
64
44
68
47
85
63
45
32
53
48
46
47
63
65
27
79
59
57
38
44
34
33
49
35
40
58
39
35
31
54
35
32
33
39
30
38
33
48
32
60
50
46
36
28
24
47
35
30
35
54
21
53
27
45
39
44
40
48
19
25
42
35
38
29
43
51
20
43
32
29
28
22
21
57
40
37
27
33
23
22
27
45
34
23
31
17
55
33
37
30
22
34
21
32
35
20
33
24
27
33
17
30
34
33
28
14
19
23
22
25
25
33
13
26
32
44
27
36
32
28
17
25
26
37
28
33
26
17
25
28
37
31
25
24
21
20
46
15
21
28
21
20
24
32
13
26
22
17
15
14
19
29
19
32
23
17
27
23
15
31
14
32
35
21
14
28
17
28
14
19
29
18
25
21
25
23
28
50
16
20
26
32
28
18
25
24
12
11
13
27
29
28
18
14
22
14
24
19
22
22
34
17
24
22
8
32
31
16
23
26
21
22
18
19
8
46
16
36
16
23
26
18
20
35
25
18
29
29
13
32
25
36
24
34
26
34
41
21
28
29
33
47
25
23
35
39
41
31
39
29
29
29
22
39
27
47
49
31
31
25
36
40
38
44
24
44
34
39
31
43
55
33
48
44
41
31
35
37
38
43
33
42
38
53
59
54
60
38
64
64
46
37
51
44
50
48
45
49
47
59
48
41
61
69
58
78
56
55
78
73
81
42
44
59
58
65
63
71
80
84
62
103
94
75
65
91
89
61
74
83
91
64
84
70
96
71
77
77
104
64
66
83
83
106
86
93
85
94
81
62
91
95
94
82
81
100
102
95
95
109
97
95
108
106
97
113
121
89
118
91
100
96
125
90
88
86
145
96
116
108
107
126
120
103
112
126
117
153
84
130
122
117
105
131
90
151
128
120
117
114
150
131
146
142
144
112
177
144
131
129
173
132
154
127
134
144
135
110
163
127
168
152
173
161
147
138
155
154
194
158
128
171
173
172
150
169
166
138
144
164
143
200
172
164
149
173
160
182
142
180
158
167
171
207
179
203
169
199
166
141
195
193
164
156
197
192
166
191
198
149
167
186
197
151
245
195
155
161
192
181
221
178
140
154
193
202
211
206
202
174
220
184
196
173
186
218
247
227
192
192
208
226
250
226
233
200
236
208
210
208
233
214
227
248
182
219
207
197
203
236
209
205
239
222
217
254
226
211
209
204
213
239
234
213
177
224
193
213
205
177
252
206
235
214
203
196
222
239
232
265
206
205
219
217
192
253
213
212
230
266
228
245
253
199
214
206
217
205
218
210
201
279
215
204
229
216
192
199
267
192
211
201
252
220
217
209
220
229
257
269
208
205
213
222
262
171
238
255
272
223
231
257
224
205
221
259
248
234
222
200
231
218
244
211
211
221
186
227
222
245
247
224
187
215
224
227
219
212
210
269
218
223
211
226
182
225
257
213
176
252
221
238
239
235
194
228
237
200
206
193
223
219
209
237
177
238
195
217
188
217
211
222
224
237
199
209
228
216
229
231
248
224
194
203
247
180
194
258
224
235
208
213
221
192
261
195
209
243
277
208
217
240
218
231
237
197
242
252
193
231
190
240
241
221
232
189
198
188
253
187
261
243
268
199
194
231
223
213
230
195
247
216
201
247
228
255
208
204
218
230
259
209
229
258
195
215
240
198
191
240
237
194
205
235
226
227
214
229
224
182
223
243
230
194
217
222
194
211
216
235
227
228
192
228
210
201
176
201
218
242
213
201
234
183
200
239
220
194
183
190
218
241
213
209
206
207
240
209
215
213
212
204
197
215
206
222
239
234
208
228
223
255
177
238
244
203
207
260
211
286
199
218
207
240
223
218
200
170
244
223
218
289
258
210
240
254
223
276
177
189
226
245
224
240
251
251
213
212
311
196
256
262
181
216
244
209
220
222
206
203
199
187
207
222
201
167
214
184
252
210
197
206
220
209
213
203
227
213
224
179
213
207
212
223
201
198
211
222
214
198
248
188
223
197
239
215
187
276
213
225
235
255
205
235
208
216
246
184
234
246
194
301
237
239
221
273
209
268
172
232
208
254
219
192
237
251
217
164
207
197
197
175
183
175
229
231
203
207
239
176
171
194
226
211
150
179
241
202
212
174
232
191
218
209
198
232
171
212
204
203
236
198
223
210
248
219
198
203
208
212
238
249
255
259
227
216
205
215
210
232
196
236
207
201
209
214
218
236
218
229
221
226
228
231
229
196
201
196
251
240
249
232
229
221
206
168
198
286
208
247
251
242
209
257
243
259
183
257
240
189
193
297
224
239
234
224
207
243
246
205
208
224
267
260
216
252
209
203
200
237
255
198
228
212
237
207
212
191
185
249
233
198
198
235
216
275
225
199
191
212
242
195
197
220
187
216
227
204
212
207
214
218
180
177
183
244
232
181
210
200
205
190
237
198
196
236
209
188
201
192
192
218
195
209
197
182
195
199
255
220
185
223
223
176
229
205
187
225
230
206
189
229
223
256
226
207
219
180
188
196
220
200
220
205
207
184
224
216
179
229
209
189
210
215
222
227
211
200
197
169
193
186
177
171
185
217
236
191
253
187
201
209
182
189
183
192
190
236
189
262
231
165
227
173
234
188
229
221
199
213
189
192
165
227
166
211
270
184
200
188
186
189
225
192
196
174
194
210
225
198
203
174
194
197
222
247
181
220
203
186
175
186
201
206
195
215
168
229
210
152
192
188
220
185
199
158
201
207
181
180
160
219
181
211
184
234
199
208
198
173
218
170
185
176
217
209
185
220
252
166
218
186
159
219
181
188
205
172
210
192
205
146
173
165
163
179
177
167
154
266
184
191
169
148
236
161
155
161
164
179
200
185
166
149
184
173
181
139
169
138
182
157
158
168
166
164
148
148
173
167
127
179
190
132
185
127
176
143
153
145
163
148
149
133
159
150
153
148
129
174
156
154
175
135
118
136
199
182
147
155
140
112
151
134
136
134
143
133
153
121
123
126
121
121
171
124
153
99
132
99
119
129
114
108
133
123
150
141
137
131
142
133
138
120
129
111
83
89
145
128
113
104
109
108
106
124
88
118
111
90
97
145
116
97
115
89
108
83
117
129
105
97
97
93
128
90
92
82
85
114
86
105
92
83
100
112
121
100
92
112
100
73
62
86
108
76
75
75
74
79
80
101
97
75
123
67
52
85
95
62
72
65
73
91
71
65
83
89
63
81
44
53
73
54
71
50
96
69
80
47
63
62
58
72
57
51
47
62
89
53
89
73
60
46
70
51
80
52
61
83
56
42
60
45
42
50
59
56
60
57
67
53
47
40
50
41
40
34
40
42
34
49
49
39
43
41
36
42
43
61
46
28
33
52
35
43
33
38
42
38
36
46
47
28
41
22
34
33
37
26
40
43
22
31
19
33
27
18
27
49
49
38
39
31
44
28
35
35
39
29
23
27
35
17
34
41
29
15
28
51
21
23
24
30
34
25
23
34
22
35
35
14
20
34
19
32
27
31
27
14
26
31
36
26
26
25
30
33
30
28
25
31
21
13
16
17
14
18
25
20
22
25
26
53
24
20
15
37
23
26
20
35
18
13
12
27
23
22
10
24
29
15
6
34
27
36
15
15
13
33
24
19
46
29
19
45
23
28
18
17
14
25
14
10
25
28
18
13
30
23
8
12
20
26
28
28
28
15
15
35
16
18
20
18
18
19
23
9
32
12
21
15
7
20
15
14
22
21
13
23
9
20
11
13
26
28
24
27
15
35
29
18
23
33
40
17
33
30
15
22
22
14
31
16
28
38
25
40
26
21
27
28
24
30
44
26
12
24
31
26
28
26
26
20
29
35
39
29
29
26
48
17
34
31
36
34
36
26
22
28
21
26
41
35
42
34
42
30
42
38
29
40
40
46
32
18
40
43
27
39
54
34
25
50
37
53
40
52
53
41
45
48
31
43
51
52
44
41
45
33
70
56
45
37
62
64
57
71
59
77
58
47
69
67
79
92
60
74
51
58
80
99
74
109
51
65
64
65
55
74
121
43
77
99
90
70
79
81
78
72
78
71
77
65
60
96
103
80
55
67
75
79
86
59
66
86
94
71
94
73
80
86
84
98
119
89
91
98
104
73
112
117
106
119
84
91
134
115
105
96
108
122
139
112
112
107
111
122
103
124
120
104
122
105
98
95
119
100
153
105
117
128
85
107
113
138
129
144
147
119
125
128
129
127
130
118
126
134
124
144
106
112
110
144
95
131
130
127
151
164
148
169
161
168
159
125
152
186
149
130
151
139
154
117
144
160
166
141
151
140
148
180
185
137
161
158
155
172
160
165
165
165
162
187
147
166
150
138
152
138
126
177
158
162
177
161
186
180
159
189
141
167
191
209
217
165
202
157
210
154
185
189
150
184
216
164
134
204
182
180
155
196
186
182
194
167
207
199
219
181
198
207
224
213
171
169
187
207
203
177
156
159
220
220
207
172
199
193
161
198
215
177
212
195
194
178
160
195
200
234
218
213
194
217
217
254
203
191
206
179
192
203
240
208
226
187
169
224
194
240
234
207
226
159
187
230
209
221
194
230
240
180
227
192
231
192
217
236
185
240
207
205
240
204
191
196
204
220
189
176
217
239
213
186
199
248
249
250
262
208
202
227
197
222
192
227
264
224
179
222
261
218
178
272
276
187
221
236
215
220
234
221
234
217
211
224
183
245
190
201
204
196
185
216
224
192
226
248
210
228
234
189
211
202
178
202
227
203
209
187
203
243
248
239
216
229
231
222
234
212
277
238
224
204
175
236
256
189
191
177
226
223
244
193
218
228
238
258
218
171
247
234
240
208
290
181
184
235
212
218
192
195
231
244
184
224
173
232
249
198
235
224
234
243
247
199
194
186
217
244
225
202
224
239
208
234
247
203
239
176
257
200
222
213
249
249
218
223
224
225
223
256
244
196
257
224
214
219
260
235
181
185
214
194
246
228
228
203
248
245
218
213
300
220
219
244
197
237
220
220
234
207
223
220
209
245
265
162
258
213
219
227
227
239
228
196
203
219
215
224
253
215
231
189
241
257
196
196
242
214
204
206
194
264
235
263
228
203
249
232
223
226
253
216
233
231
210
220
206
215
221
232
259
231
205
205
268
210
212
219
253
282
216
228
195
206
187
227
223
204
213
220
247
213
206
198
242
198
203
243
183
209
247
238
253
241
227
212
222
239
243
190
263
201
246
205
263
237
244
209
229
253
232
199
177
202
255
236
239
195
233
247
183
171
193
225
211
172
219
242
216
211
260
254
199
201
221
213
222
208
227
217
244
239
217
242
225
253
213
210
217
236
251
241
238
197
219
272
245
258
229
230
232
272
231
238
190
221
212
199
212
232
211
214
224
231
206
236
237
277
206
212
211
190
222
232
261
229
216
240
207
238
202
233
263
245
241
223
211
235
271
209
286
237
226
205
209
205
221
176
226
212
221
217
173
209
242
234
259
196
210
238
222
216
247
227
243
229
186
207
215
183
218
241
238
233
232
240
262
200
239
250
169
221
216
222
218
238
191
248
212
210
202
221
195
226
178
238
216
240
216
239
228
261
219
229
196
267
239
223
236
237
191
212
235
206
200
283
220
208
212
217
191
251
243
218
245
261
216
236
221
263
267
206
188
194
247
243
227
231
232
249
191
227
224
222
232
257
246
251
284
234
262
250
274
255
183
239
230
262
266
232
245
246
227
207
250
193
236
224
198
240
277
247
248
285
235
217
240
229
228
298
212
274
253
231
254
230
210
213
249
229
275
261
222
260
270
230
229
221
204
242
292
268
267
231
236
226
264
208
260
268
261
213
244
209
257
271
254
271
259
240
299
274
256
273
235
275
315
282
255
271
230
272
239
288
233
300
265
294
266
242
258
238
219
251
251
208
219
229
290
278
283
281
216
261
242
240
259
277
219
245
185
271
235
228
265
247
232
295
223
264
250
215
331
237
254
291
248
254
246
247
199
242
249
224
229
270
251
257
231
264
210
264
240
223
228
285
232
293
208
256
222
230
233
222
256
204
219
265
234
184
207
256
279
240
220
198
229
178
210
228
201
238
261
197
189
239
214
193
213
180
189
194
247
201
201
202
202
171
196
189
223
197
163
191
190
220
179
193
183
193
205
208
170
190
153
209
169
208
171
208
168
156
185
184
144
157
167
162
167
179
147
172
164
181
174
178
166
188
146
155
114
202
207
156
120
137
154
170
144
163
142
145
129
141
152
117
161
154
118
119
154
102
126
113
137
148
129
146
122
118
125
144
120
152
130
106
101
117
97
109
110
95
112
109
110
146
140
95
105
136
146
98
152
111
136
94
128
87
122
152
112
94
129
96
75
118
107
98
85
86
103
72
127
89
85
111
82
77
94
79
91
69
102
86
88
74
68
97
85
84
71
93
89
82
74
84
90
74
65
61
56
97
57
86
69
80
106
80
60
83
76
62
58
42
76
66
52
51
64
59
39
51
53
103
75
56
85
55
37
57
51
75
51
67
48
68
30
70
35
50
54
36
57
49
50
55
47
40
59
36
47
57
48
100
33
39
65
51
36
47
44
33
52
47
29
43
55
61
25
43
44
25
40
53
32
43
37
32
38
54
38
37
20
33
31
32
26
37
47
25
39
25
18
18
20
24
17
29
43
22
26
17
23
30
26
24
32
15
17
16
17
25
28
32
16
42
13
15
27
33
28
16
25
38
36
29
18
26
14
22
25
24
31
27
29
15
10
15
21
33
29
22
21
12
27
26
28
24
17
19
22
31
27
18
18
20
24
14
21
31
13
20
21
21
32
22
8
25
19
23
13
19
24
25
30
30
21
12
21
20
11
26
33
14
23
20
19
22
12
27
23
26
13
42
14
26
27
37
17
14
26
22
24
14
16
23
20
25
24
23
21
32
11
20
20
27
21
53
34
20
21
19
32
29
34
34
14
27
24
26
20
26
49
41
38
26
25
26
19
19
19
25
29
21
21
23
22
28
12
15
25
24
42
33
21
27
28
37
47
32
59
33
21
39
45
45
28
15
32
33
34
19
22
39
38
33
27
47
29
34
33
35
41
23
27
46
30
35
33
52
41
37
36
18
30
44
37
55
49
60
32
37
39
57
32
47
42
46
32
45
39
37
41
44
47
81
59
60
57
34
45
36
43
61
59
55
45
46
50
54
42
51
48
59
50
70
60
63
54
38
61
73
63
54
63
70
52
69
83
65
59
52
54
93
66
63
94
76
78
71
78
98
95
54
77
75
76
96
102
83
93
105
115
88
70
95
90
108
92
67
68
76
95
67
103
76
80
105
117
101
85
115
109
100
88
89
140
95
79
103
93
110
83
78
94
91
116
103
94
107
112
94
100
142
111
193
107
139
148
115
120
97
138
138
143
131
108
116
145
108
147
141
139
143
115
165
129
138
120
133
122
138
115
127
135
122
154
153
152
170
163
160
158
165
166
147
165
166
162
192
168
143
201
182
172
201
175
155
126
167
175
198
142
162
167
181
185
175
228
175
177
230
179
226
197
230
214
192
178
210
180
182
195
210
193
184
172
173
194
208
170
190
203
205
196
254
205
208
211
201
292
229
209
238
214
201
174
214
220
258
248
190
212
207
251
199
189
221
246
249
259
250
282
234
231
251
257
293
264
260
339
264
274
258
209
258
232
269
267
248
256
227
236
224
260
240
287
263
267
251
292
269
274
261
252
245
262
207
261
309
245
271
281
271
306
274
264
271
284
285
273
237
261
318
238
247
248
246
261
288
264
259
253
235
273
299
314
264
264
266
238
291
239
251
282
289
244
256
250
276
272
302
265
208
211
261
236
293
322
228
287
283
288
360
252
272
270
277
310
281
266
258
257
247
270
239
287
238
265
264
258
262
276
279
315
243
242
297
257
280
228
248
263
232
230
237
281
242
253
232
299
266
289
222
269
254
228
262
223
259
345
190
232
373
213
253
232
304
223
238
246
227
229
278
283
239
266
275
220
249
235
268
318
275
242
260
270
252
245
237
254
274
281
270
268
254
227
295
222
275
254
247
271
264
282
236
284
220
234
231
229
271
240
239
316
249
223
221
241
246
222
229
274
249
224
231
239
227
293
248
249
266
245
206
280
230
302
257
235
215
233
250
287
279
217
248
268
231
263
239
254
276
204
260
240
257
282
201
265
210
246
220
229
235
242
238
241
272
240
244
244
236
228
280
217
252
288
258
195
274
232
258
243
199
276
229
236
241
204
218
213
212
214
223
265
219
247
229
207
218
226
269
193
281
253
233
208
240
219
222
250
260
240
187
238
278
253
229
229
220
214
212
225
226
196
226
211
269
235
253
221
246
226
219
241
225
182
199
184
220
244
305
204
215
240
231
262
324
243
259
224
218
258
240
298
264
284
231
250
239
266
207
254
277
238
208
204
289
256
263
197
254
207
217
223
272
281
218
244
253
226
207
269
193
249
219
186
228
237
211
212
225
238
194
264
237
254
257
229
219
209
211
215
197
221
279
241
178
259
247
215
248
214
217
236
219
244
289
218
181
169
190
254
203
212
214
261
210
253
198
247
275
196
209
217
211
200
215
205
212
213
233
252
221
254
222
236
230
209
225
189
232
197
233
217
219
198
226
213
205
204
219
216
191
185
212
196
235
202
269
209
256
193
238
199
163
250
192
229
170
260
177
181
169
212
187
211
194
244
173
202
229
219
192
186
205
211
199
226
223
195
194
202
208
212
175
231
197
197
223
220
194
241
194
193
196
209
203
206
171
172
196
162
208
180
184
188
213
189
183
238
234
225
193
216
172
210
174
242
212
189
208
212
187
182
212
177
202
163
189
193
182
239
198
232
203
215
215
228
214
194
212
194
233
244
202
202
175
174
178
199
248
198
216
169
213
162
218
187
228
191
221
223
232
248
199
190
192
244
171
202
201
198
179
216
205
182
207
197
233
208
236
207
216
165
233
191
236
219
232
230
216
222
157
214
224
187
251
186
194
221
219
256
216
270
201
230
200
233
203
196
214
234
191
214
190
211
222
234
208
171
172
224
195
203
252
209
205
195
217
259
217
158
246
224
257
214
224
237
226
245
191
228
225
215
197
188
255
260
209
232
196
220
252
224
217
205
202
208
213
181
228
218
249
249
270
243
213
202
237
211
244
259
241
262
222
221
194
252
220
235
206
231
240
224
217
172
226
249
264
270
196
234
229
286
268
182
216
185
255
222
206
212
196
191
210
210
207
217
238
218
262
189
205
179
224
217
187
227
270
236
221
270
189
206
195
242
172
231
270
198
202
184
274
217
196
219
267
217
196
204
187
187
168
157
213
235
208
202
148
174
178
188
188
183
188
164
193
168
222
235
205
191
154
186
179
251
166
229
216
174
216
212
152
207
175
165
173
189
176
138
164
160
188
194
184
167
158
171
144
201
155
158
205
184
172
187
142
140
109
187
143
149
135
168
172
131
159
153
180
146
141
101
137
152
152
164
198
129
116
133
216
137
143
107
136
147
118
110
122
115
140
130
128
175
128
238
183
140
99
141
120
99
109
85
96
128
117
117
75
89
220
108
104
102
109
106
118
98
111
71
101
113
135
92
124
120
89
108
96
112
112
102
83
122
99
61
82
94
80
88
130
73
111
88
124
77
96
111
119
69
61
84
74
89
76
83
87
55
83
71
67
57
53
74
70
77
99
63
60
76
83
70
89
78
61
81
72
47
75
84
48
65
63
64
68
76
62
57
63
72
80
69
58
50
68
47
44
54
37
62
60
46
39
55
50
63
50
43
47
52
68
88
48
42
51
50
43
57
49
45
29
47
63
28
38
55
39
37
35
40
39
40
64
43
49
30
36
51
41
38
46
36
27
51
39
34
24
46
31
34
36
32
42
33
30
41
54
25
30
27
36
19
21
40
38
33
23
24
40
17
23
58
47
32
29
29
22
31
30
18
31
35
30
18
27
55
35
38
33
30
20
30
36
25
19
29
32
24
21
19
37
23
27
30
30
39
28
36
19
20
19
17
38
19
19
29
18
16
18
19
22
30
35
48
22
9
16
23
27
20
21
32
22
44
37
16
19
37
10
26
36
8
23
28
26
20
38
30
26
34
20
34
33
33
14
37
35
29
19
34
25
28
21
35
31
35
13
23
12
23
48
26
21
37
36
23
22
35
41
25
30
26
36
30
12
20
27
17
13
23
21
29
31
38
27
19
26
42
35
35
38
17
31
36
24
22
22
25
29
27
41
18
40
42
23
37
31
31
32
28
27
38
22
28
51
30
35
40
49
32
43
61
45
40
31
20
32
39
38
38
43
42
55
52
57
45
48
47
41
40
24
52
50
39
35
59
47
44
74
69
47
46
42
48
42
48
56
45
49
38
40
60
59
52
50
68
57
42
62
45
40
44
65
69
65
49
65
51
44
66
56
57
65
42
76
59
74
70
56
52
51
65
97
55
50
72
63
59
88
58
72
75
64
69
97
79
64
67
85
59
62
82
86
79
69
79
77
64
80
49
72
78
105
78
118
90
86
84
98
88
94
67
100
99
106
93
92
103
80
89
99
121
98
85
104
110
104
94
98
84
101
105
72
98
87
97
110
78
82
118
112
96
98
116
96
97
112
131
143
113
132
147
119
133
135
77
135
94
125
127
130
94
97
139
123
145
128
151
154
116
166
152
154
145
162
146
156
121
148
111
138
156
152
116
166
152
177
160
156
176
142
167
165
137
150
153
171
144
181
193
170
171
168
156
170
150
181
183
194
158
167
190
216
179
183
164
196
186
187
194
159
186
188
180
202
147
240
194
199
190
171
228
213
197
196
238
186
197
185
169
210
215
200
239
179
224
195
248
213
215
225
194
225
223
223
186
195
196
223
207
276
194
194
209
222
207
202
214
216
238
229
186
232
199
206
262
243
246
252
262
241
218
231
217
249
258
263
256
279
249
202
229
208
210
273
199
276
232
235
209
269
230
244
275
202
228
210
229
264
229
229
245
235
210
229
258
220
273
259
263
261
277
295
261
253
218
290
256
260
233
219
224
232
245
243
252
283
223
269
201
275
237
213
258
228
238
237
217
200
223
209
269
236
244
287
270
217
214
264
240
214
234
207
228
204
258
262
275
244
275
257
232
271
229
288
305
256
233
245
250
266
253
246
229
238
240
319
223
278
218
284
225
222
206
267
228
254
262
235
226
245
271
250
241
238
286
249
264
223
258
240
237
252
200
268
218
247
279
247
211
201
248
208
211
210
273
271
193
269
243
235
322
223
230
233
247
206
236
252
223
263
210
272
227
251
267
272
243
222
225
211
200
218
222
237
234
241
265
235
240
188
263
211
236
243
213
289
251
191
185
187
303
230
210
216
271
241
222
201
213
247
219
235
199
209
221
213
187
229
261
233
198
198
242
210
224
222
199
269
256
266
191
238
263
234
206
237
236
210
211
221
203
212
246
257
255
193
209
219
230
216
272
188
247
215
242
259
225
203
197
207
230
180
208
194
240
263
197
199
219
251
226
235
201
187
241
248
219
185
224
226
219
234
206
223
233
197
252
259
203
228
238
199
228
192
253
189
210
220
222
247
209
169
226
227
200
227
240
286
217
253
217
216
256
233
227
164
269
231
251
197
234
169
220
179
246
187
246
201
259
183
184
214
243
211
230
206
209
219
225
224
238
220
238
164
195
229
227
208
191
166
190
197
167
202
187
217
225
229
190
221
205
242
213
206
208
232
204
214
204
202
205
194
208
184
211
213
261
226
228
201
206
185
230
210
218
169
207
209
204
199
186
238
185
202
229
203
186
218
223
162
191
171
194
202
223
197
206
170
189
221
224
207
206
228
187
193
206
222
179
219
214
197
231
208
219
215
175
217
222
251
177
199
203
160
199
192
166
199
204
181
192
184
186
193
242
204
185
153
176
166
183
163
165
214
204
209
218
173
181
174
206
165
205
182
220
140
180
196
224
169
178
155
225
153
167
153
187
206
202
197
176
167
190
180
183
225
285
186
183
163
188
238
172
213
186
154
218
190
197
143
202
188
182
168
171
171
183
199
196
197
161
214
170
177
217
144
204
188
190
187
253
169
175
226
160
164
173
182
191
137
174
191
278
200
176
216
174
200
206
222
193
163
157
218
157
225
207
203
186
206
194
161
180
203
215
196
210
190
186
179
216
177
181
180
213
251
185
168
174
218
230
249
165
225
169
157
189
206
217
204
172
203
162
205
192
245
193
232
195
241
246
234
186
192
199
175
238
179
197
186
209
181
198
187
198
185
207
213
187
186
189
216
209
203
175
170
210
187
233
188
216
174
185
253
232
196
171
178
261
201
180
209
158
210
183
198
185
183
184
192
198
182
200
165
188
238
182
178
189
188
218
202
225
192
202
190
154
240
240
228
232
184
220
223
185
185
178
245
205
205
212
197
186
225
214
191
180
206
183
196
235
249
219
229
164
186
258
201
188
240
207
199
213
215
221
190
190
213
178
194
236
198
187
225
192
210
230
207
197
201
254
209
217
191
173
176
198
231
190
188
204
194
187
173
174
199
186
199
168
153
194
192
243
218
187
210
240
180
183
194
186
197
209
189
183
189
213
194
201
167
195
146
221
184
197
181
206
202
187
225
182
226
172
153
186
181
188
191
190
148
199
170
150
181
145
150
184
155
142
144
157
144
157
155
144
156
147
152
175
166
124
129
166
177
154
157
180
128
219
146
132
167
140
181
140
142
140
145
116
141
87
141
131
116
112
147
118
116
144
100
85
96
105
79
115
131
103
114
118
113
112
105
125
102
135
127
122
113
120
121
133
109
110
98
132
116
102
91
100
120
85
116
127
105
95
84
84
92
108
114
151
117
88
82
89
67
95
90
114
116
88
94
132
81
72
122
85
83
91
108
88
78
75
93
73
77
84
98
95
78
82
77
79
98
82
90
59
65
85
84
85
101
71
90
106
89
56
101
70
82
45
77
70
80
106
64
81
121
58
79
83
90
62
48
68
74
94
65
75
60
71
36
53
40
107
79
44
42
54
48
43
48
60
57
54
39
46
86
35
42
41
39
60
46
39
33
69
51
70
61
51
54
38
66
34
50
33
43
34
50
38
50
44
34
41
47
49
57
16
55
32
61
43
37
62
42
51
32
47
38
52
43
58
45
34
58
36
30
42
46
33
49
44
46
38
37
57
42
50
41
49
40
43
45
50
38
20
27
21
41
44
29
42
45
42
28
24
38
33
34
52
32
52
30
27
44
52
16
56
41
20
33
45
25
30
52
46
26
27
42
40
17
32
21
22
16
28
37
34
34
39
32
25
32
19
29
28
38
38
16
31
32
27
35
31
25
43
55
56
28
24
20
20
21
26
47
27
22
34
17
14
22
22
27
21
18
31
17
26
16
24
41
37
32
19
28
12
22
41
16
20
24
28
24
43
35
27
19
23
28
35
34
26
37
33
33
53
20
29
39
28
26
41
23
22
34
38
28
39
22
35
22
38
29
36
36
23
38
23
42
29
36
37
45
35
58
39
42
25
43
40
43
32
43
48
50
42
22
54
33
55
41
54
51
38
32
38
41
31
42
34
56
39
21
56
54
54
53
41
36
56
62
42
37
43
33
70
44
47
63
39
65
45
53
49
58
53
59
81
80
39
64
70
91
50
61
43
39
67
63
67
56
109
55
90
52
76
59
62
57
64
73
81
66
77
52
68
63
70
78
51
80
75
85
99
79
85
87
64
62
96
51
76
62
64
89
88
68
99
97
103
96
68
89
87
90
98
120
76
100
80
83
85
97
98
97
99
111
93
103
118
86
74
90
110
90
85
111
101
84
101
110
134
106
115
106
111
112
97
121
110
125
109
104
111
105
102
103
109
82
123
129
119
108
103
127
123
121
133
121
141
136
113
152
142
128
182
118
138
152
176
144
148
152
184
168
153
133
129
162
135
116
120
158
131
164
157
135
157
179
149
190
173
211
181
177
164
157
151
179
159
191
204
177
205
155
179
164
199
183
223
156
179
153
204
180
247
239
199
170
204
191
248
211
213
197
192
177
177
246
211
172
191
190
194
214
212
192
257
196
226
208
195
226
205
218
225
202
165
209
235
242
206
195
253
227
214
249
227
232
210
254
233
228
216
238
187
169
207
223
244
254
256
213
231
222
183
268
204
218
184
264
218
212
236
205
183
225
232
212
281
224
198
236
260
207
224
205
223
249
232
225
230
242
209
222
238
244
208
238
244
211
250
220
224
197
248
236
291
224
204
238
187
252
196
245
291
223
247
250
256
207
228
234
226
243
258
297
242
238
204
241
237
218
221
254
250
278
235
290
217
265
247
216
216
248
241
260
241
271
244
238
240
223
280
240
257
196
242
195
254
262
256
342
255
301
280
236
320
246
199
239
222
218
232
283
225
274
248
205
251
270
252
185
331
253
265
255
240
220
289
218
240
258
247
219
226
270
252
263
230
191
196
221
220
231
253
263
251
214
243
225
245
257
223
274
244
234
245
221
271
251
308
208
226
241
271
207
257
245
258
223
238
260
264
245
210
294
245
216
230
293
244
236
210
243
263
223
258
239
256
248
274
268
266
246
220
302
267
215
285
234
223
272
232
253
256
202
245
216
252
221
248
238
338
276
233
245
227
247
235
289
228
234
203
284
240
270
230
201
208
227
210
239
224
293
252
199
295
229
229
250
213
227
187
221
226
237
224
257
238
253
194
261
217
267
255
198
269
217
200
213
235
231
252
247
207
253
206
233
271
212
241
242
205
188
251
236
247
268
243
200
250
165
168
207
233
224
199
261
254
191
193
183
175
217
250
222
186
270
245
225
201
216
242
216
229
212
243
206
204
240
201
237
197
210
182
245
226
256
195
200
258
256
267
201
188
211
187
244
214
220
223
265
229
223
228
213
207
260
216
218
257
203
204
206
257
206
188
223
215
222
196
236
257
255
242
200
175
211
205
211
194
175
176
224
241
161
228
189
232
207
201
201
220
225
220
225
190
199
183
186
210
226
158
206
170
202
236
232
185
204
217
208
194
206
153
187
217
188
193
158
185
178
182
216
209
186
220
217
178
172
197
254
202
224
231
211
158
217
208
175
219
166
188
217
174
214
150
216
166
155
204
204
164
236
207
185
187
166
189
190
200
212
160
195
187
175
209
175
155
162
168
201
187
149
214
159
192
170
182
182
160
183
159
167
196
161
197
205
220
190
192
192
188
152
143
176
179
185
183
186
193
213
186
165
202
140
152
172
156
178
152
163
186
184
177
165
177
147
187
176
157
173
168
187
163
196
139
170
149
187
184
160
172
182
146
148
170
189
209
175
174
142
196
191
148
153
179
132
145
200
225
138
168
185
154
198
178
151
179
155
171
153
173
161
174
185
216
226
139
231
201
216
181
200
206
182
246
185
157
202
169
186
167
162
203
197
186
178
160
173
183
158
160
179
178
207
165
153
160
191
198
138
199
187
173
171
200
195
175
201
224
185
144
166
224
179
202
222
175
174
152
158
230
168
153
165
154
154
201
172
173
173
173
171
171
198
152
201
141
200
165
168
208
222
185
159
209
180
194
168
190
177
213
228
169
151
181
181
211
169
163
207
172
192
196
192
156
204
177
171
150
145
206
180
201
185
164
176
164
162
141
116
189
183
218
191
174
183
171
208
164
175
153
172
152
170
166
239
179
182
172
176
210
214
203
256
143
184
177
187
193
191
159
200
189
198
151
187
203
139
193
187
222
156
159
143
192
168
177
200
169
168
170
169
151
177
174
184
165
199
177
238
144
178
164
179
150
151
135
223
157
186
170
168
175
192
156
192
150
160
171
146
169
177
173
189
163
135
186
153
137
167
200
164
157
143
187
180
168
151
159
180
147
145
180
163
163
169
132
169
171
179
157
142
168
141
141
177
145
145
160
116
163
197
134
150
179
159
131
147
164
145
143
255
156
179
124
162
124
144
139
143
134
147
236
107
175
138
133
92
145
144
114
109
138
131
112
128
140
140
131
126
149
118
126
107
121
167
111
128
99
103
116
120
83
142
125
112
135
120
92
116
154
115
111
138
162
113
94
132
67
123
122
113
99
100
86
140
111
97
92
95
104
89
123
113
97
84
130
108
102
80
72
102
115
70
74
96
107
95
81
106
69
104
93
69
98
67
85
92
103
81
78
75
80
80
94
74
72
57
78
62
88
55
58
75
103
70
80
58
67
46
73
91
76
66
66
76
61
77
75
77
85
72
56
71
73
44
72
111
42
41
72
56
81
70
64
105
75
46
78
61
72
46
63
59
49
49
78
52
43
36
58
83
80
32
48
48
65
39
60
40
45
56
71
43
63
61
66
66
32
37
62
49
60
59
54
59
79
59
44
35
49
46
34
41
37
42
44
35
46
42
37
60
26
51
54
36
26
38
35
47
25
37
44
65
38
40
38
46
33
34
36
41
33
39
34
36
45
28
39
27
45
32
40
32
49
26
25
31
40
36
47
36
46
24
23
37
49
41
25
48
31
30
28
38
26
20
29
46
34
23
42
32
25
29
31
28
44
29
36
26
45
36
20
25
41
18
64
43
46
27
26
27
28
27
25
28
54
17
26
41
30
27
57
27
25
18
60
13
32
31
29
54
44
33
43
39
42
18
35
30
22
20
15
22
28
44
22
41
38
24
33
32
21
26
27
59
22
20
19
35
30
36
27
64
16
39
33
44
40
42
38
44
19
31
42
35
31
22
42
18
31
39
50
32
43
35
51
13
48
19
26
26
45
52
55
21
34
25
29
35
30
43
43
45
37
55
33
26
35
47
39
26
54
43
31
27
34
32
32
40
38
39
50
50
27
38
28
46
40
45
68
45
45
68
45
72
52
30
56
38
43
62
51
46
72
48
40
53
48
54
37
51
52
55
65
57
46
53
55
52
54
50
92
60
72
73
55
42
51
53
74
78
77
67
43
63
73
39
55
78
39
78
73
68
62
59
68
78
95
98
115
73
84
106
61
70
57
60
93
84
101
61
82
100
72
97
94
101
88
105
91
115
98
99
84
102
115
133
114
96
106
116
95
113
120
107
126
106
96
109
120
116
173
100
110
117
92
121
144
145
112
133
123
149
132
96
123
117
153
145
158
97
126
153
125
140
101
164
122
132
149
130
143
135
133
174
141
141
148
141
145
144
135
154
163
157
147
125
144
155
168
199
159
175
167
138
160
156
147
166
144
135
159
163
206
165
129
152
195
185
132
203
166
205
178
197
163
169
187
189
199
222
187
195
212
199
261
177
213
221
250
218
207
193
192
208
259
254
204
235
207
192
236
216
192
261
206
198
243
247
236
237
224
232
189
223
204
214
238
272
211
216
220
214
248
248
239
280
268
201
252
248
208
242
232
243
243
246
282
228
239
259
223
222
196
244
231
259
252
282
256
296
295
239
224
204
234
266
285
255
287
222
278
201
220
228
244
252
278
280
214
236
236
267
259
225
307
250
243
261
263
212
281
269
266
224
333
279
272
266
291
258
263
280
234
243
288
261
281
266
255
292
238
226
252
280
258
275
265
288
246
250
259
279
249
259
273
280
287
256
227
303
272
264
255
253
235
223
266
275
284
262
228
244
279
242
236
253
209
211
282
263
254
233
231
254
273
270
223
232
236
274
254
254
264
253
265
241
282
259
243
220
302
240
228
250
205
215
226
221
238
268
209
218
290
202
222
270
240
255
262
251
251
264
251
248
306
269
231
283
257
217
226
266
274
231
250
284
275
252
257
205
235
235
262
197
300
251
266
274
236
215
260
242
275
246
262
259
254
267
225
245
303
276
230
248
202
274
293
247
252
249
246
294
234
247
268
254
245
280
218
205
239
260
243
229
239
252
219
231
265
239
256
181
215
224
299
250
267
239
250
258
275
232
244
197
234
237
234
219
272
217
224
299
283
311
272
253
253
317
239
255
202
315
295
288
247
250
263
278
249
253
234
260
250
264
243
278
308
216
318
252
258
284
260
257
276
270
243
266
276
250
246
267
251
279
275
256
284
276
276
230
294
275
267
263
210
285
275
285
297
309
274
259
291
257
267
282
258
286
291
279
273
225
280
249
270
293
310
254
282
280
278
255
307
251
296
242
248
259
224
315
291
265
242
302
287
288
259
287
237
284
213
273
270
236
206
240
234
233
216
227
249
237
264
251
211
219
258
248
250
239
227
247
213
277
208
215
217
257
273
238
217
256
239
250
237
213
211
298
263
272
255
277
245
258
213
221
240
237
274
230
256
284
190
196
226
197
193
220
267
259
245
244
226
250
243
262
255
239
233
310
222
218
210
210
237
216
237
184
237
209
193
209
202
286
244
230
265
194
253
237
211
218
205
219
239
230
241
231
255
227
197
263
227
228
286
233
218
212
203
212
211
237
246
175
198
212
209
209
219
230
225
189
223
181
191
197
201
244
245
205
205
208
195
221
212
185
271
232
206
194
188
156
212
194
162
192
197
163
208
196
198
206
201
186
167
207
194
194
227
229
158
203
197
180
198
263
163
217
193
192
221
196
222
224
176
221
197
194
226
199
205
184
162
183
192
180
179
196
158
211
193
177
170
170
226
190
240
202
181
190
190
180
208
196
201
175
168
203
132
186
164
185
210
169
170
183
165
199
185
175
214
199
198
165
181
213
208
235
192
238
209
223
170
170
188
198
203
177
202
181
226
166
147
240
214
233
146
182
243
186
180
141
196
162
185
230
196
195
207
184
190
140
178
188
196
187
168
155
184
185
193
209
224
182
208
180
195
186
198
190
221
241
180
207
191
183
228
229
220
219
215
186
190
218
198
192
235
162
235
177
177
238
193
189
196
199
164
225
190
190
202
187
189
182
249
181
170
191
172
174
190
186
189
227
194
203
294
186
169
216
199
186
164
217
156
128
219
204
204
202
213
180
220
218
211
196
201
201
235
233
198
199
189
207
214
204
173
184
208
224
198
198
212
172
159
229
193
212
194
214
149
220
182
222
171
189
190
218
176
189
188
181
191
198
211
213
244
194
192
201
203
214
209
198
202
223
170
161
214
145
192
231
191
180
162
172
206
184
225
166
154
182
188
186
144
233
215
157
197
201
197
181
202
197
181
183
185
183
162
178
224
240
161
155
216
254
174
169
193
168
208
148
168
181
182
162
138
149
200
176
195
165
188
143
149
179
152
179
149
171
172
194
162
177
160
166
144
161
174
141
223
168
225
178
191
129
154
157
167
166
162
167
156
151
167
140
152
150
136
154
191
174
114
113
141
143
174
129
159
127
134
148
166
165
143
145
129
138
172
128
117
109
123
134
165
93
145
124
173
119
132
125
129
105
119
138
142
128
99
101
105
58
129
116
99
152
88
121
169
113
96
108
112
109
102
147
128
74
101
91
80
133
88
86
133
81
99
96
90
100
101
102
102
119
149
104
106
79
91
67
101
90
99
122
60
112
107
100
93
88
80
110
102
72
100
73
75
105
86
98
108
99
68
70
66
76
103
100
88
90
95
80
105
75
101
82
79
78
68
70
71
70
65
56
102
110
52
60
77
95
88
51
59
78
74
68
71
75
76
84
66
68
97
56
74
81
78
70
91
74
62
64
82
77
61
67
46
44
42
56
68
55
81
50
82
83
62
61
51
47
62
73
79
51
82
48
72
66
71
79
52
74
43
62
78
52
56
56
34
78
58
37
46
59
49
41
50
52
70
75
45
46
36
55
57
49
56
58
15
23
48
50
73
44
66
37
58
85
66
28
42
32
27
38
27
43
66
57
47
64
64
35
41
40
37
38
17
31
40
32
27
62
26
44
43
40
40
57
40
50
40
51
38
37
35
40
64
70
50
28
40
56
44
31
32
38
38
32
43
31
36
50
57
51
48
44
47
38
27
52
29
34
39
29
30
39
50
48
38
32
33
47
24
24
30
50
77
50
33
17
57
59
52
34
40
64
47
61
34
42
32
52
56
43
30
48
37
35
34
34
35
43
40
41
50
67
44
42
26
40
56
25
30
44
41
42
36
61
67
39
46
52
46
61
46
64
36
37
70
38
49
44
47
56
45
59
43
69
47
44
45
70
50
51
51
44
54
41
63
26
58
59
43
89
48
53
77
58
61
59
67
56
53
77
52
78
74
55
70
66
62
73
63
77
64
41
82
74
74
76
75
71
80
64
93
69
69
84
86
80
79
86
70
68
85
95
71
78
83
68
89
81
113
68
110
86
120
77
80
117
81
102
84
104
109
109
90
140
103
85
106
97
94
113
129
98
92
84
119
104
109
105
108
106
89
116
108
129
129
110
102
114
137
125
134
136
117
108
169
128
155
110
149
160
127
98
143
127
174
153
144
181
105
143
150
149
188
172
137
143
157
134
179
135
164
140
112
140
166
154
162
168
178
176
186
165
167
142
163
177
149
200
172
221
156
256
206
174
179
184
170
194
189
187
200
231
237
210
214
190
220
180
237
192
180
213
216
194
212
250
228
200
229
209
165
215
180
196
233
247
231
295
172
233
212
287
185
254
236
233
201
219
199
263
233
205
235
233
270
195
236
233
233
249
256
217
231
256
215
242
214
243
264
289
237
272
239
276
344
245
278
250
247
273
257
261
250
262
265
279
237
283
319
233
306
328
291
303
277
275
292
281
274
269
230
249
243
316
240
236
267
283
287
273
283
293
298
292
271
278
294
283
333
318
311
284
266
334
343
301
272
314
303
301
269
374
305
314
282
256
257
318
264
285
300
330
294
375
296
277
345
311
265
281
302
275
307
313
308
305
328
347
362
311
357
298
317
327
280
295
320
376
298
294
321
310
258
296
290
333
346
281
305
318
360
325
323
289
312
361
320
292
410
406
324
325
351
335
280
322
268
312
312
336
287
289
283
336
304
368
348
307
318
315
289
280
270
324
324
270
300
302
313
315
315
306
407
310
339
274
312
350
310
314
325
397
328
361
303
287
338
354
333
336
317
354
303
306
296
300
328
289
283
389
268
311
299
373
299
317
296
254
311
279
279
347
347
304
286
302
259
245
283
306
296
261
316
341
254
283
295
290
276
306
316
280
354
316
276
287
356
325
317
261
313
310
316
293
299
326
303
303
289
303
325
299
321
313
276
350
287
291
291
314
324
301
296
296
288
287
312
325
329
255
303
300
307
314
293
338
277
308
288
352
272
328
280
303
282
290
280
289
286
294
345
301
256
262
331
276
288
331
296
274
285
268
236
282
250
317
281
236
221
359
306
241
273
337
333
272
265
273
280
321
280
284
340
256
278
283
228
254
268
272
251
271
261
286
324
279
270
246
288
322
303
261
283
269
267
257
329
259
285
257
267
249
252
285
263
250
251
276
212
254
268
267
243
295
283
263
271
243
304
276
300
264
233
286
273
278
214
284
268
232
310
256
255
302
302
248
279
267
280
261
274
331
260
269
257
290
308
252
276
279
277
269
210
283
278
261
274
233
237
253
297
266
272
260
218
291
274
238
273
240
219
248
258
259
279
248
212
257
271
202
253
245
243
253
228
243
217
251
252
247
264
277
228
206
219
219
258
244
206
250
296
235
327
246
251
274
241
249
209
255
218
238
209
254
235
245
242
247
277
231
219
258
211
222
201
224
204
223
281
218
240
213
214
247
243
256
181
241
256
230
226
229
226
218
262
261
234
200
269
231
243
257
216
225
208
256
206
256
192
216
204
260
188
195
196
179
193
221
184
153
203
219
186
175
142
134
161
144
134
114
155
102
129
117
157
98
110
103
105
124
124
96
108
139
129
79
92
146
107
88
117
114
106
94
92
87
109
93
94
114
82
118
112
100
116
81
90
146
92
58
104
74
67
81
55
57
63
51
47
48
49
30
37
41
48
35
48
42
38
20
53
45
46
16
33
66
38
45
30
53
30
43
53
43
21
32
31
28
31
30
25
43
29
26
44
38
33
33
36
36
55
47
44
58
32
44
51
41
34
29
23
31
35
21
26
28
51
22
29
12
29
13
35
21
20
29
29
24
35
17
17
21
28
51
22
26
19
13
23
29
30
28
30
26
20
22
21
45
32
18
29
49
20
23
33
28
31
25
37
20
23
25
31
27
14
26
33
34
17
5
23
7
19
13
3
5
2
9
0
0
0
0
1
0
0
1
1
0
2
0
0
0
2
1
0
1
3
0
0
2
0
2
0
5
0
0
0
0
0
0
0
3
0
0
0
0
0
0
0
0
2
0
0
0
2
0
0
1
1
1
0
1
0
0
0
0
0
0
0
0
0
0
0
0
0
0
0
2
2
0
0
0
0
0
0
0
1
4
0
2
0
0
0
0
0
0
0
0
0
1
0
0
0
0
0
0
2
0
0
0
0
0
0
0
0
0
0
0
0
0
0
0
0
0
0
0
0
0
0
0
0
0
0
0
1
0
0
0
0
0
0
0
0
0
0
0
0
0
0
0
0
0
0
0
0
0
0
0
0
0
0
0
0
0
0
0
0
0
0
0
0
1
0
0
0
0
0
0
0
0
0
0
0
0
0
0
0
0
0
0
0
0
0
0
0
0
0
0
0
0
0
0
0
0
0
0
0
0
0
0
0
0
0
0
0
1
0
0
0
0
0
0
0
0
0
0
0
0
0
0
0
0
0
0
0
0
0
0
0
0
0
0
0
0
0
0
0
0
0
0
0
0
0
0
0
0
0
0
0
0
0
0
0
0
0
0
0
0
0
0
0
0
0
0
0
0
0
0
0
0
0
0
0
0
0
0
0
0
0
0
0
0
0
0
0
0
0
0
0
0
0
0
0
0
0
0
0
0
0
0
0
0
0
0
0
0
0
0
0
0
0
0
0
0
0
0
0
0
0
0
0
0
0
0
0
0
0
0
0
0
0
0
0
0
0
0
0
0
0
0
0
0
0
0
0
0
0
0
0
0
0
0
0
0
1
0
0
0
0
0
0
0
0
0
0
0
0
0
0
0
0
0
0
0
0
0
0
0
0
0
0
0
0
0
0
0
0
0
0
0
0
0
0
0
0
0
0
0
0
0
0
0
0
0
0
0
0
0
0
0
0
0
0
0
0
0
0
0
0
0
0
0
0
0
0
0
0
0
0
0
0
0
0
0
0
0
0
0
0
0
0
0
0
0
0
0
0
0
0
0
0
0
0
0
0
0
0
0
0
0
0
0
0
0
0
0
0
0
0
0
0
0
0
0
0
0
0
0
0
0
0
0
0
0
0
0
0
0
0
0
0
0
0
0
0
0
0
0
0
0
0
0
0
0
0
0
0
0
0
0
0
0
0
0
0
0
0
0
0
0
0
0
0
0
0
0
0
0
0
0
0
0
0
0
0
0
0
0
0
0
0
0
0
0
0
0
0
0
0
0
0
0
0
0
0
0
0
0
0
0
0
0
0
0
0
0
0
0
0
0
0
0
0
0
0
0
0
0
0
0
0
0
0
0
0
0
0
0
0
0
0
0
0
0
0
0
0
0
0
0
0
0
0
0
0
0
0
0
0
0
0
0
0
0
0
0
0
0
0
0
0
0
0
0
0
0
0
0
0
0
0
0
0
0
0
0
0
0
0
0
0
0
0
0
0
0
0
0
0
0
0
0
0
0
0
0
0
0
0
0
0
0
0
0
0
0
0
0
0
0
0
0
0
0
0
0
0
0
0
0
0
0
0
0
0
0
0
0
0
0
0
0
0
0
0
0
0
0
0
0
0
0
0
0
0
0
0
0
0
0
0
0
0
0
0
0
0
0
0
0
0
3
0
0
0
0
0
0
1
0
0
0
0
0
0
0
0
0
0
0
0
0
0
0
0
0
0
0
0
0
0
0
0
0
0
0
0
0
0
0
0
0
0
0
0
0
0
0
0
0
0
0
0
0
0
0
0
0
0
0
0
0
0
0
0
0
0
0
0
0
0
0
0
0
0
0
0
0
0
0
0
0
0
0
0
0
0
0
0
0
0
0
0
0
0
0
0
0
0
0
0
0
0
0
0
0
0
0
0
0
0
0
0
0
0
0
0
0
0
0
0
0
0
0
0
0
0
0
0
0
1
0
0
0
0
0
0
0
0
0
0
0
0
0
0
0
0
0
0
0
0
0
0
0
0
0
0
0
0
0
0
0
0
0
0
0
0
0
0
0
0
0
0
0
0
0
0
0
0
0
0
0
0
0
0
0
0
0
0
0
0
0
0
0
0
0
0
0
0
0
0
0
0
0
0
0
0
0
0
0
0
0
0
0
0
0
0
0
0
0
0
0
0
0
0
0
0
0
0
0
0
0
0
0
0
0
0
0
0
0
0
0
0
0
0
0
0
0
0
0
0
0
0
0
0
0
0
0
0
0
0
0
0
0
0
0
0
0
0
0
0
0
0
0
0
0
0
0
0
0
0
0
0
0
0
0
0
0
0
0
0
0
0
0
0
0
0
0
0
0
0
0
0
0
0
0
0
0
0
0
0
0
0
0
0
0
0
0
0
0
0
0
0
0
0
0
0
0
0
0
0
0
0
0
0
0
0
0
0
0
0
0
0
0
0
0
0
0
0
0
0
0
0
0
0
0
0
0
0
0
0
0
0
0
0
0
0
0
0
0
0
0
0
0
0
0
0
0
0
0
0
0
0
0
0
0
0
0
0
0
0
0
0
0
0
0
0
0
0
0
0
0
0
0
0
0
0
0
0
0
0
0
0
0
0
0
0
0
0
0
0
0
0
0
0
0
0
0
0
0
0
0
0
0
0
0
0
0
0
0
0
0
0
0
0
0
0
0
0
0
0
0
0
0
0
0
0
0
0
0
0
0
0
0
0
0
0
0
0
0
0
0
0
0
0
0
0
0
0
0
0
0
0
0
0
0
0
0
0
0
0
0
0
0
0
0
0
0
0
0
0
0
0
0
0
0
0
0
0
0
0
0
0
0
0
0
0
0
0
0
0
0
0
0
0
0
0
0
0
0
0
0
0
0
0
0
0
0
0
0
0
0
0
0
0
0
0
0
0
0
0
0
0
0
0
0
0
0
0
0
0
0
0
0
0
0
0
0
0
0
0
0
0
0
0
0
0
0
0
0
0
0
0
0
0
0
0
0
0
0
0
0
0
0
0
0
0
0
0
0
0
0
0
0
0
0
0
0
0
0
0
0
0
0
0
0
0
0
0
0
0
0
0
0
0
0
0
0
0
0
0
0
0
0
0
0
0
0
0
0
0
0
0
0
0
0
0
0
0
0
0
0
0
0
0
0
0
0
0
0
0
0
0
0
0
0
0
0
0
0
0
0
0
0
0
0
0
0
0
0
0
0
0
0
0
0
0
0
0
0
0
0
0
0
0
0
0
0
0
0
0
0
0
0
0
0
0
0
0
0
0
0
0
0
0
0
0
0
0
0
0
0
0
0
0
0
0
0
0
0
0
0
0
0
0
0
0
0
0
0
0
0
0
0
0
0
0
0
0
0
0
0
0
0
0
0
0
0
0
0
0
0
0
0
0
0
0
0
0
0
0
0
0
0
0
0
0
0
0
0
0
0
0
0
0
0
0
0
0
0
0
0
0
0
0
0
0
0
0
0
0
0
0
0
0
0
0
0
0
0
0
0
0
0
0
0
0
0
0
0
0
0
0
0
0
0
0
0
0
0
0
0
0
0
0
0
0
0
0
0
0
0
0
0
0
0
0
0
0
0
0
0
0
0
0
0
0
0
0
0
0
0
0
0
0
0
0
0
0
0
0
0
0
0
0
0
0
0
0
0
0
0
0
0
0
0
0
0
0
0
0
0
0
0
0
0
0
0
0
0
0
0
0
0
0
0
0
0
0
0
0
0
0
0
0
0
0
0
0
0
0
0
0
0
0
0
0
0
0
0
0
0
0
0
0
0
0
0
0
0
0
0
0
0
0
0
0
0
0
0
0
0
0
0
0
0
0
0
0
0
0
0
0
0
0
0
0
0
0
0
0
0
0
0
0
0
0
0
0
0
0
0
0
0
0
0
0
0
0
0
0
0
0
0
0
0
0
0
0
0
0
0
0
0
0
0
0
0
0
0
0
0
0
0
0
0
0
0
0
0
0
0
0
0
0
0
0
0
0
0
0
0
0
0
0
0
0
0
0
0
0
0
0
0
0
0
0
0
0
0
0
0
0
0
0
0
0
0
0
0
0
0
0
0
0
0
0
0
0
0
0
0
0
0
0
0
0
0
0
0
0
0
0
0
0
0
0
0
0
0
0
0
0
0
0
0
0
0
0
0
0
0
0
0
0
0
0
0
0
0
0
0
0
0
0
0
0
0
0
0
0
0
0
0
0
0
0
0
0
0
0
0
0
0
0
0
0
0
0
0
0
0
0
0
0
0
0
0
0
0
0
0
0
0
0
0
0
0
0
0
0
0
0
0
0
0
0
0
0
0
0
0
0
0
0
0
0
0
0
0
0
0
0
0
0
0
0
0
0
0
0
0
0
0
0
0
0
0
0
0
0
0
0
0
0
0
0
0
0
0
0
0
0
0
0
0
0
0
0
0
0
0
0
0
0
0
0
0
0
0
0
0
0
0
0
0
0
0
0
0
0
0
0
0
0
0
0
0
0
0
0
0
0
0
0
0
0
0
0
0
0
0
0
0
0
0
0
0
0
0
0
0
0
0
0
0
0
0
0
0
0
0
0
0
0
0
0
0
0
0
0
0
0
0
0
0
0
0
0
0
0
0
0
0
0
0
0
0
0
0
0
0
0
0
0
0
0
0
0
0
0
0
0
0
0
0
0
0
0
0
0
0
0
0
0
0
0
0
0
0
0
0
0
0
0
0
0
0
0
0
0
0
0
0
0
0
0
0
0
0
0
0
0
0
0
0
0
0
0
0
0
0
0
0
0
0
0
0
0
0
0
0
0
0
0
0
0
0
0
0
0
0
0
0
0
0
0
0
0
0
0
0
0
0
0
0
0
0
0
0
0
0
0
0
0
0
0
0
0
0
0
0
0
0
0
0
0
0
0
0
0
0
0
0
0
0
0
0
0
0
0
0
0
0
0
0
0
0
0
0
0
0
0
0
0
0
0
0
0
0
0
0
0
0
0
0
0
0
0
0
0
0
0
0
0
0
0
0
0
0
0
0
0
0
0
0
0
0
0
0
0
0
0
0
0
0
0
0
0
0
0
0
0
0
0
0
0
0
0
0
0
0
0
0
0
0
0
0
0
0
0
0
0
0
0
0
0
0
0
0
0
0
0
0
0
0
0
0
0
0
0
0
0
0
0
0
0
0
0
0
0
0
0
0
0
0
0
0
0
0
0
0
0
0
0
0
0
0
0
0
0
0
0
0
0
0
0
0
0
0
0
0
0
0
0
0
0
0
0
0
0
0
0
0
0
0
0
0
0
0
0
0
0
0
0
0
0
0
0
0
0
0
0
0
0
0
0
0
0
0
0
0
0
0
0
0
0
0
0
0
0
0
0
0
0
0
0
0
0
0
0
0
0
0
0
0
0
0
0
0
0
0
0
0
0
0
0
0
0
0
0
0
0
0
0
0
0
0
0
0
0
0
0
0
0
0
0
0
0
0
0
0
0
0
0
0
0
0
0
0
0
0
0
0
0
0
0
0
0
0
0
0
0
0
0
0
0
0
0
0
0
0
0
0
0
0
0
0
0
0
0
0
0
0
0
0
0
0
0
0
0
0
0
0
0
0
0
0
0
0
0
0
0
0
0
0
0
0
0
0
0
0
0
0
0
0
0
0
0
0
0
0
0
0
0
0
0
0
0
0
0
0
0
0
0
0
0
0
0
0
0
0
0
0
0
0
0
0
0
0
0
0
0
0
0
0
0
0
0
0
0
0
0
0
0
0
0
0
0
0
0
0
0
0
0
0
0
0
0
0
0
0
0
0
0
0
0
0
0
0
0
0
0
0
0
0
0
0
0
0
0
0
0
0
0
0
0
0
0
0
0
0
0
0
0
0
0
0
0
0
0
0
0
0
0
0
0
0
0
0
0
0
0
0
0
0
0
0
0
0
0
0
0
0
0
0
0
0
0
0
0
0
0
0
0
0
0
0
0
0
0
0
0
0
0
0
0
0
0
0
0
0
0
0
0
0
0
0
0
0
0
0
0
0
0
0
0
0
0
0
0
0
0
0
0
0
0
0
0
0
0
0
0
0
0
0
0
0
0
0
0
0
0
0
0
0
0
0
0
0
0
0
0
0
0
0
0
0
0
0
0
0
0
0
0
0
0
0
0
0
0
0
0
0
0
0
0
0
0
0
0
0
0
0
0
0
0
0
0
0
0
0
0
0
0
0
0
0
0
0
0
0
0
0
0
0
0
0
0
0
0
0
0
0
0
0
0
0
0
0
0
0
0
0
0
0
0
0
0
0
0
0
0
0
0
0
0
0
0
0
0
0
0
0
0
0
0
0
0
0
0
0
0
0
0
0
0
0
0
0
0
0
0
0
0
0
0
0
0
0
0
0
0
0
0
0
0
0
0
0
0
0
0
0
0
0
0
0
0
0
0
0
0
0
0
0
0
0
0
0
0
0
0
0
0
0
0
0
0
0
0
0
0
0
0
0
0
0
0
0
0
0
0
0
0
0
0
0
0
0
0
0
0
0
0
0
0
0
0
0
0
0
0
0
0
0
0
0
0
0
0
0
0
0
0
0
0
0
0
0
0
0
0
0
0
0
0
0
0
0
0
0
0
0
0
0
0
0
0
0
0
0
0
0
0
0
0
0
0
0
0
0
0
0
0
0
0
0
0
0
0
0
0
0
0
0
0
0
0
0
0
0
0
0
0
0
0
0
2
7
9
12
5
12
18
13
10
8
24
21
13
22
8
15
10
7
15
28
27
13
4
17
11
37
10
13
11
7
26
6
14
11
21
4
15
12
18
11
18
22
13
14
14
11
18
12
12
17
19
25
20
15
17
12
17
19
12
10
18
26
20
14
7
36
15
23
25
22
14
10
14
28
14
17
24
23
13
22
13
43
7
14
6
17
14
15
30
13
18
14
22
11
14
35
13
13
10
13
17
18
11
15
15
22
19
22
19
23
17
27
17
13
29
11
24
7
22
21
13
10
14
14
17
13
18
16
17
22
28
9
14
17
14
15
13
31
21
21
15
52
8
13
14
12
16
23
10
16
17
13
9
10
10
17
18
9
26
10
15
11
20
6
9
14
15
8
19
12
12
19
12
14
18
8
17
25
17
28
21
14
17
12
22
18
10
10
22
16
22
10
13
10
15
15
12
9
10
19
7
12
7
13
16
9
12
15
19
20
15
8
14
15
11
13
3
14
10
6
33
12
10
14
15
17
11
29
21
13
13
16
12
16
18
10
7
21
16
6
6
13
8
12
13
9
21
9
12
9
13
0
10
19
26
4
10
13
12
11
8
7
3
1
14
7
9
11
10
12
13
12
6
18
19
14
5
9
12
7
18
5
1
16
19
10
2
10
4
2
10
1
6
4
5
4
2
4
4
12
13
4
4
9
16
7
10
6
12
3
10
8
3
3
10
1
5
13
5
8
5
6
12
9
16
4
9
16
8
15
4
3
2
7
8
3
10
6
14
10
9
11
0
49
12
3
12
9
10
10
1
2
16
7
2
5
7
9
4
6
6
6
5
14
6
9
3
2
4
2
4
6
1
4
8
4
3
3
7
4
3
3
4
4
4
4
2
5
1
5
1
12
2
1
4
6
8
3
1
10
3
8
2
13
3
9
2
2
10
3
2
3
16
5
9
4
5
1
3
6
6
2
6
5
6
38
1
15
5
9
9
3
2
3
8
6
9
3
9
5
7
8
7
7
2
3
3
3
3
34
5
13
5
8
4
4
5
15
6
5
9
10
3
9
14
9
5
16
7
18
4
2
2
7
6
4
2
4
15
20
4
8
3
8
6
14
7
4
7
4
8
11
7
15
9
6
9
9
12
6
9
3
6
13
5
1
10
17
10
8
11
5
8
5
5
7
14
11
10
7
16
7
5
3
9
5
9
7
5
1
11
8
13
20
6
8
14
7
12
13
19
16
24
14
11
13
9
20
11
21
6
12
17
12
14
7
8
31
12
19
12
9
21
18
13
20
15
9
14
15
9
17
14
13
12
15
12
28
33
18
12
20
25
14
23
9
28
21
31
17
25
22
19
39
18
12
26
19
22
27
23
19
54
30
30
27
23
18
26
27
29
19
39
19
28
27
24
31
36
21
29
64
40
32
36
30
39
41
30
43
27
28
47
42
39
49
30
42
54
40
34
42
38
41
34
36
28
28
36
45
59
52
37
38
49
48
48
39
54
27
44
43
51
47
50
45
37
56
50
31
43
38
57
50
28
46
66
60
47
63
38
64
53
53
47
71
37
76
48
71
45
54
55
79
62
49
62
52
67
46
45
46
56
57
85
58
51
58
68
66
57
56
52
81
49
70
59
53
70
66
69
76
43
72
59
56
90
66
71
60
57
56
66
66
58
66
38
46
82
55
56
71
61
46
55
58
69
65
58
69
62
83
67
68
60
55
50
50
147
85
74
91
66
57
95
68
46
98
71
90
79
99
71
101
65
83
90
69
59
93
66
60
106
94
65
83
80
76
89
95
69
111
79
82
100
87
71
81
65
95
94
90
81
86
112
95
63
57
79
86
79
79
88
93
75
92
88
101
85
97
66
53
80
66
80
122
102
108
72
84
105
87
106
65
77
83
110
91
64
92
91
111
96
77
75
84
97
95
103
87
117
96
107
87
107
97
85
102
95
112
105
82
82
95
116
97
86
94
94
92
109
109
80
87
101
86
94
92
101
106
93
82
122
60
111
108
105
84
104
103
72
75
111
83
109
88
90
80
72
84
86
119
103
115
82
92
111
94
91
92
91
101
119
95
70
81
106
94
107
64
105
55
90
98
80
90
96
74
84
100
90
110
82
92
91
93
86
125
83
91
114
98
99
79
83
107
96
98
89
88
71
113
95
89
81
78
75
149
106
98
95
71
86
91
116
79
79
88
93
74
82
60
68
85
108
98
85
100
68
83
77
81
95
84
66
61
84
96
70
81
67
98
76
69
73
96
91
68
73
98
104
79
111
65
98
79
111
79
81
103
93
72
87
91
83
70
103
85
87
93
67
84
93
62
83
95
71
51
73
71
100
89
57
78
71
55
82
73
77
69
94
81
68
82
99
83
79
62
76
81
84
101
73
78
83
111
89
74
92
70
81
74
60
103
69
85
88
82
77
66
126
85
76
58
64
78
70
82
76
63
71
77
91
83
66
74
79
68
87
61
64
70
67
102
87
72
62
89
86
92
76
61
92
64
97
101
71
76
65
58
68
65
69
108
72
62
81
76
78
72
69
78
67
75
54
73
69
71
90
55
61
82
56
57
75
80
75
57
57
64
75
65
81
61
64
66
87
71
66
88
82
92
59
87
53
80
73
76
73
87
60
64
73
90
65
69
67
104
61
70
72
79
85
94
72
94
74
72
64
85
72
57
69
54
62
43
71
53
96
67
60
51
62
57
60
53
60
90
83
53
60
61
40
64
43
74
65
65
74
43
71
57
57
61
70
48
45
50
48
80
43
79
68
55
70
51
65
76
75
55
40
68
60
58
81
70
77
63
53
61
61
86
66
74
43
51
87
74
49
51
57
67
47
56
62
79
64
39
59
70
66
57
43
49
50
57
58
59
66
52
49
61
44
71
37
74
41
50
78
61
66
69
75
54
80
45
57
58
79
41
45
54
67
85
68
81
79
61
77
39
128
49
63
57
75
52
48
69
46
33
97
53
43
39
74
48
39
59
62
63
58
64
58
70
75
57
56
64
47
65
53
63
80
86
71
55
73
57
59
54
63
71
73
48
54
43
57
61
70
57
60
71
76
56
58
65
46
52
65
43
75
77
63
48
68
39
58
56
52
53
59
55
57
80
71
51
48
48
41
52
62
69
76
58
61
85
62
68
69
62
63
65
41
49
61
63
56
69
41
42
49
60
36
43
57
36
60
51
59
66
76
57
48
58
48
63
68
56
79
50
46
103
71
61
59
38
71
68
42
56
76
43
55
49
48
55
39
60
51
40
60
52
61
55
48
59
38
78
71
79
49
37
61
46
57
42
56
65
37
57
65
45
45
47
74
60
68
57
53
44
58
55
55
58
51
45
51
50
36
57
38
40
46
58
36
29
33
44
29
64
27
42
37
54
41
125
38
71
52
45
34
37
31
43
42
39
56
41
48
60
48
54
54
25
34
50
51
46
35
50
45
38
41
44
35
53
55
60
31
69
57
44
37
48
43
35
35
48
29
28
21
39
29
37
38
27
41
30
37
30
47
47
34
46
25
33
44
33
27
27
43
33
53
18
36
36
33
34
38
36
35
26
43
26
46
40
48
21
29
21
27
46
52
51
18
50
32
30
28
16
24
21
23
30
25
24
16
23
35
30
24
20
21
31
19
18
25
43
41
20
31
20
21
20
29
22
18
32
25
13
17
19
26
22
12
30
23
24
26
20
27
20
20
27
24
31
18
11
27
57
22
22
15
21
19
15
16
22
13
21
19
24
21
22
21
21
19
13
17
8
25
14
24
20
22
26
11
28
19
16
16
14
15
5
19
12
10
24
18
30
12
17
12
13
15
10
14
10
23
18
17
15
19
6
18
13
6
25
9
32
17
16
5
10
21
12
20
22
13
19
18
8
15
14
11
14
10
12
7
11
9
16
7
19
14
8
17
7
24
17
16
5
6
2
1
4
17
12
5
6
12
6
5
12
9
6
4
3
2
8
5
4
6
6
10
21
9
11
4
6
7
14
4
10
4
9
6
7
5
12
11
18
5
8
16
14
18
20
4
12
18
16
8
18
15
10
6
10
1
14
18
15
9
10
9
5
13
18
9
26
10
11
5
4
6
7
5
3
31
7
1
7
3
5
9
10
5
11
6
1
15
11
2
13
4
11
7
7
5
3
0
6
7
11
2
9
3
6
3
2
6
7
6
6
4
14
3
5
11
6
6
4
9
5
7
4
14
12
5
5
8
18
2
1
11
7
19
9
5
1
5
11
17
3
8
10
4
4
5
4
6
8
6
8
9
3
12
7
6
9
2
5
5
6
10
7
6
8
5
7
12
11
4
7
7
5
18
5
8
8
17
3
13
10
7
10
9
11
8
22
5
5
8
9
12
10
5
7
20
15
10
12
19
10
4
8
12
11
6
16
14
10
7
31
13
18
14
12
8
14
12
10
12
8
20
15
9
12
8
7
23
14
6
7
7
10
13
13
27
6
21
10
22
7
15
6
12
9
12
9
13
10
11
33
13
15
10
15
15
16
16
13
24
19
15
22
15
13
15
24
16
20
26
21
18
26
28
24
17
33
26
26
24
19
11
28
20
18
21
29
28
18
18
34
27
18
19
20
33
26
42
20
21
20
32
28
21
33
16
30
25
40
20
22
27
35
34
33
25
19
36
39
26
25
30
37
31
32
32
40
31
34
25
25
47
32
40
17
33
34
43
25
28
31
49
37
36
36
32
50
25
23
51
39
43
29
38
27
40
55
31
46
44
70
53
32
66
38
49
46
56
37
45
46
42
43
37
62
49
59
69
35
48
60
44
37
59
26
39
43
41
40
50
55
62
50
41
49
56
51
59
46
38
68
46
42
46
63
65
63
41
55
53
44
72
84
78
71
62
68
56
55
92
160
53
90
58
50
86
48
85
49
42
73
61
72
84
49
59
68
65
63
96
54
79
61
51
54
50
128
50
66
89
52
60
44
105
50
68
64
60
102
83
104
71
64
98
57
103
84
84
63
58
77
65
66
72
73
61
73
43
85
75
83
59
59
61
76
151
64
71
71
82
64
79
59
52
77
57
61
102
83
65
69
107
91
83
110
79
78
83
60
64
57
56
89
83
85
62
52
83
74
71
76
54
63
90
67
57
59
66
68
84
74
63
65
71
79
82
88
90
64
80
70
57
70
56
107
58
87
79
54
70
72
79
63
97
85
78
94
73
82
63
75
66
93
60
83
67
59
80
72
76
62
75
96
88
67
76
74
66
83
62
82
71
64
59
84
68
75
98
56
74
78
68
78
78
77
120
130
77
69
67
65
75
105
81
60
102
50
89
63
91
78
79
85
68
68
62
67
69
62
78
95
82
72
74
93
102
64
61
80
108
60
57
122
82
69
79
65
81
87
65
83
74
92
65
91
71
65
88
84
57
73
93
101
73
86
82
52
61
81
72
84
80
93
64
60
66
93
78
83
65
57
94
105
77
76
64
72
74
86
78
71
82
78
81
72
76
66
85
76
55
79
86
97
69
57
92
105
58
72
67
78
84
56
85
61
69
61
123
85
60
85
88
68
72
48
60
59
85
49
80
67
78
75
70
95
85
94
66
65
81
43
70
53
71
62
77
45
50
68
47
59
46
79
71
96
68
86
53
60
87
90
82
65
64
70
65
80
79
81
65
58
97
47
76
108
67
64
62
55
86
86
65
70
87
72
50
78
71
75
95
90
82
92
65
51
71
62
81
51
71
51
64
94
70
67
64
46
96
114
50
79
68
47
71
63
62
77
58
57
65
88
62
69
63
66
74
54
73
56
57
68
69
58
130
52
62
72
65
66
70
52
57
80
51
56
65
82
63
61
41
54
99
89
75
53
65
47
62
63
72
75
68
62
38
66
56
77
54
68
55
53
69
65
58
58
77
50
57
74
70
100
75
60
50
56
67
49
53
67
101
54
54
76
69
60
51
48
67
56
52
79
46
48
54
44
60
77
64
43
71
72
55
50
66
56
51
55
52
60
81
59
62
50
58
48
44
46
66
58
53
43
55
62
60
61
49
59
43
73
56
65
89
62
54
69
53
73
42
50
65
78
62
46
69
40
41
67
84
43
50
61
45
53
68
64
40
53
65
60
46
44
50
58
59
56
60
52
40
47
87
43
38
47
45
69
30
57
65
58
63
49
34
56
66
53
44
41
46
57
59
55
55
56
70
44
62
43
35
63
63
45
41
26
65
41
66
48
40
53
41
65
40
33
27
51
51
62
51
44
46
46
49
59
59
56
74
55
59
44
58
57
39
32
46
48
58
65
62
52
58
57
45
54
55
58
54
66
57
68
76
51
64
60
54
49
60
53
42
58
50
38
47
53
55
42
65
75
81
29
63
48
62
48
41
61
57
55
30
57
44
68
56
43
53
56
62
56
33
36
50
57
55
53
60
56
48
43
42
78
51
54
44
52
47
40
52
74
73
61
48
59
41
68
47
46
48
52
50
47
55
44
65
59
50
47
44
50
48
61
57
38
54
62
38
53
62
58
44
35
37
38
46
45
56
50
53
46
41
63
46
30
37
76
40
48
56
38
44
51
46
76
47
66
30
42
40
31
76
40
40
45
52
31
44
49
39
31
40
59
47
54
43
37
31
47
32
44
43
34
32
50
62
33
48
33
31
60
42
41
42
40
40
35
34
36
32
36
29
58
49
57
52
49
49
51
40
24
34
34
34
36
31
39
48
21
58
32
22
41
48
39
33
24
40
37
19
38
23
40
24
39
42
32
24
40
20
24
36
37
29
38
49
27
36
22
23
40
34
26
27
17
43
20
32
47
35
24
29
28
43
49
24
25
32
25
33
13
17
44
44
29
37
38
29
23
27
19
23
37
27
29
38
31
28
20
32
34
40
30
36
41
21
37
28
45
26
28
31
11
16
16
28
12
25
13
23
18
13
10
18
25
22
22
45
27
24
19
9
20
31
11
20
37
12
14
10
23
31
11
21
16
29
16
27
19
22
34
14
19
23
17
51
21
15
20
14
15
11
18
16
14
24
14
8
13
9
31
8
32
7
20
11
15
32
18
10
18
28
13
13
15
11
21
7
13
19
4
13
19
6
13
19
14
18
9
15
12
4
15
10
16
10
15
10
14
16
11
17
18
19
16
11
6
11
11
7
6
26
7
9
5
6
26
15
6
9
4
13
11
17
8
9
9
5
10
14
9
6
7
25
6
8
13
8
25
7
7
4
16
10
9
9
8
5
8
9
9
15
16
9
4
5
5
7
6
9
11
18
12
9
9
5
8
1
8
7
7
4
4
13
18
3
4
1
6
10
3
8
5
16
7
2
10
14
6
8
9
17
8
5
4
10
6
4
4
11
3
1
5
3
13
7
5
4
12
2
6
7
4
2
5
8
1
4
6
1
9
7
16
4
7
3
4
5
6
9
6
5
4
0
9
3
6
10
2
6
3
8
10
7
5
10
5
4
11
9
4
11
6
3
5
10
6
5
5
5
4
10
2
6
9
7
2
6
7
16
2
5
3
9
7
5
2
7
7
4
12
3
4
3
1
21
6
6
7
7
7
5
9
4
9
8
4
9
11
12
5
6
13
6
5
2
2
13
9
12
1
5
6
6
2
6
12
3
11
11
2
7
9
18
7
6
4
10
8
11
20
2
6
13
2
8
10
10
10
8
12
10
14
11
12
5
1
7
6
12
14
13
22
11
10
5
19
9
9
16
7
8
16
8
20
26
6
5
7
16
10
9
16
15
15
13
7
5
10
7
12
20
27
14
8
24
14
25
18
11
17
19
19
16
18
11
14
20
18
31
13
21
16
20
22
9
13
19
24
22
22
20
10
13
17
32
19
17
32
23
26
46
37
22
27
16
36
18
38
21
24
20
37
20
24
20
11
21
10
45
48
13
24
21
10
40
21
22
36
33
43
19
29
39
13
27
40
24
23
35
36
26
25
18
36
20
27
25
42
25
21
28
39
31
32
23
43
44
33
31
32
34
20
17
35
60
73
27
69
35
48
38
25
23
51
49
50
50
36
57
36
34
30
35
48
44
28
29
38
35
58
48
55
37
56
48
52
21
44
57
39
39
54
52
47
49
52
56
48
49
44
56
43
57
50
113
67
54
52
61
54
70
48
37
51
28
60
55
56
63
49
65
77
76
71
50
54
54
84
43
56
61
51
57
60
49
39
47
102
48
51
58
57
42
80
69
61
52
71
45
63
68
51
56
64
49
66
71
75
92
88
60
58
89
66
52
95
73
81
51
40
63
67
54
78
69
35
72
51
57
78
61
54
52
91
62
58
72
84
64
68
85
67
40
90
77
62
78
61
58
69
78
47
83
75
67
43
65
77
99
55
108
92
77
68
76
63
78
74
73
85
88
90
62
68
79
68
95
63
64
92
57
68
61
60
57
62
78
68
103
66
72
70
55
81
60
57
78
66
55
68
45
52
82
96
75
93
76
80
69
43
55
52
111
89
82
45
64
86
89
72
81
77
58
58
64
43
64
93
87
113
83
65
81
90
65
65
61
69
54
92
97
74
86
64
65
64
82
54
58
69
137
82
73
94
79
71
64
111
77
65
63
67
86
48
91
78
71
73
65
72
70
83
51
57
54
83
86
111
66
77
59
73
91
70
87
70
63
73
68
63
54
75
78
92
49
70
44
45
61
64
83
92
67
74
59
65
50
91
82
49
74
52
74
62
52
63
85
56
70
71
67
65
62
87
59
79
78
64
91
56
85
85
81
54
75
83
73
76
156
106
56
57
73
79
59
65
69
55
73
64
38
73
82
66
71
82
56
68
83
87
81
60
80
54
69
73
56
59
69
70
86
64
68
76
82
55
75
80
54
70
142
62
78
74
71
60
57
68
46
69
79
87
70
55
84
69
72
73
65
57
78
105
45
46
56
47
49
61
46
62
65
59
76
85
67
55
64
84
71
57
57
52
64
62
51
54
99
57
64
57
57
71
65
41
136
51
88
84
66
53
49
68
60
69
67
52
51
59
87
44
52
68
41
92
73
50
52
53
72
52
63
76
61
50
57
43
73
129
47
93
71
56
69
52
56
51
77
58
61
54
58
73
74
81
57
60
71
71
48
54
99
38
52
50
75
52
36
50
59
68
57
66
50
70
60
72
93
72
54
66
40
63
57
39
50
52
56
71
37
64
50
44
60
32
62
45
65
50
38
65
55
59
44
47
46
72
50
47
39
51
42
55
53
46
58
72
44
53
55
35
69
45
67
52
42
44
43
53
35
63
55
45
87
46
58
55
67
53
38
42
38
55
55
45
43
61
48
56
45
43
47
49
52
68
42
51
53
42
65
32
49
41
47
44
58
45
45
72
59
56
47
39
55
69
48
62
34
33
40
52
58
29
46
50
53
47
50
43
57
42
41
47
57
70
34
47
60
44
58
33
44
45
61
66
34
63
47
53
48
42
47
46
44
36
78
40
42
55
35
35
50
54
43
27
68
58
48
74
39
54
27
58
50
69
61
54
40
69
77
46
70
79
43
44
49
54
63
46
66
66
52
37
66
56
48
49
59
53
74
56
40
59
79
52
70
36
47
51
42
47
55
55
53
54
31
48
54
61
49
41
50
38
42
61
52
44
61
32
46
42
39
44
94
54
45
45
34
60
61
42
53
47
45
49
49
42
52
51
45
45
50
40
66
65
41
32
51
58
46
48
45
46
66
71
45
51
51
37
62
37
43
51
55
44
46
59
42
43
42
31
54
29
50
39
50
26
58
63
36
35
34
54
65
40
33
59
50
48
53
35
44
77
50
35
53
50
47
37
50
53
51
79
60
56
49
40
47
50
35
83
54
34
52
37
55
31
62
48
44
47
34
44
43
48
28
35
45
45
70
46
53
71
43
31
37
74
40
30
52
52
55
27
63
39
44
39
47
45
43
39
33
27
35
34
34
51
43
49
54
44
38
36
39
26
36
53
42
33
28
53
54
61
26
34
62
34
32
42
41
30
34
56
43
87
35
51
44
33
32
52
34
41
38
30
49
38
34
22
28
45
31
45
44
34
39
40
36
43
44
42
36
36
40
49
35
26
47
23
52
38
19
48
36
41
32
35
23
40
27
23
29
37
24
17
26
15
26
20
24
18
17
28
27
25
14
22
25
25
24
35
45
30
20
22
25
18
37
30
24
34
32
13
27
9
24
27
15
30
24
23
33
34
19
18
53
13
24
7
19
24
10
31
31
31
24
17
28
19
29
15
18
16
27
11
9
19
19
17
24
36
26
18
24
22
29
21
13
21
40
21
14
16
15
16
6
21
19
30
17
25
10
17
22
20
7
22
8
24
15
22
42
11
21
8
9
25
15
17
16
25
36
11
13
14
33
7
16
6
10
13
8
18
21
13
18
9
11
6
30
14
8
22
4
21
10
4
16
21
5
4
13
29
17
24
9
11
15
19
4
4
41
12
5
15
7
5
16
13
17
12
9
11
7
13
13
6
10
12
4
12
11
13
4
9
16
12
9
11
11
10
14
9
14
5
6
4
9
3
7
8
8
7
12
26
4
13
7
8
10
4
10
2
15
4
8
6
5
9
3
8
3
6
11
7
7
4
24
5
13
18
7
5
16
9
11
4
7
5
13
5
8
18
12
13
5
12
1
6
5
12
6
2
10
9
4
7
7
15
12
5
12
6
6
3
12
6
2
6
6
6
5
4
3
4
12
11
7
13
5
2
6
2
8
10
1
13
3
7
5
12
17
4
20
14
9
6
6
8
29
7
1
6
8
10
11
8
18
8
8
1
3
5
6
6
4
4
11
4
4
10
22
14
8
8
5
8
12
6
8
6
10
5
6
16
7
8
9
9
7
14
9
12
10
6
15
10
11
15
9
10
6
6
15
6
8
15
5
5
4
11
11
11
15
16
16
6
14
7
6
7
14
17
13
8
4
11
10
11
11
16
11
6
8
12
12
13
32
10
9
8
13
14
19
14
11
15
8
5
13
12
9
16
21
23
11
30
17
15
12
8
15
6
26
10
14
8
17
4
6
17
12
14
24
13
21
25
20
11
15
18
25
21
23
9
17
23
14
11
22
10
5
19
16
29
15
22
16
35
28
18
16
19
20
22
28
20
16
31
20
30
21
27
25
10
19
24
14
15
29
20
19
25
36
28
26
32
37
39
44
29
35
27
19
23
23
40
44
34
28
31
33
31
37
28
31
19
30
29
29
35
28
61
20
34
33
39
26
18
29
19
27
33
32
29
31
46
31
67
35
23
42
37
22
36
41
39
29
51
46
33
30
45
53
43
40
46
30
50
56
40
42
48
41
43
53
50
41
38
33
44
36
52
50
40
53
46
46
54
37
70
55
46
69
40
64
33
63
56
45
49
71
38
70
35
62
73
45
58
38
41
81
41
56
66
32
67
41
68
71
57
29
68
75
61
67
63
38
50
70
60
77
66
67
73
67
47
79
78
65
46
57
55
71
64
64
48
104
77
79
59
99
63
55
48
86
68
70
69
89
83
61
82
103
44
68
94
101
68
69
64
77
84
63
88
77
71
60
72
61
55
84
45
58
50
48
63
70
58
55
91
83
105
75
73
71
65
66
59
69
61
76
70
62
62
100
82
64
56
87
77
70
69
85
98
74
91
70
80
73
79
69
68
76
58
105
62
87
93
90
83
45
91
74
88
71
87
69
91
82
105
87
82
152
56
83
75
66
89
63
78
101
81
48
84
82
95
77
63
69
72
77
60
95
69
67
61
61
59
75
78
97
55
95
50
85
78
89
69
87
72
91
99
61
114
69
72
86
81
74
66
95
62
93
76
64
94
103
68
64
62
75
79
69
95
58
80
64
81
111
90
81
70
97
76
70
70
95
76
62
77
94
95
62
92
74
92
95
77
101
60
61
76
69
65
70
69
44
102
61
56
89
59
86
64
69
56
85
57
85
61
78
61
86
89
57
65
78
71
96
104
80
79
58
81
61
59
70
73
80
86
72
76
117
73
72
58
58
78
93
59
87
87
87
95
70
48
53
64
85
65
60
89
66
56
89
77
90
107
48
59
65
84
62
78
96
70
63
71
98
78
70
82
85
80
73
61
69
64
65
65
115
62
89
85
57
55
68
67
54
68
87
57
63
85
85
64
79
67
63
60
69
54
58
75
55
83
71
47
60
61
50
77
79
81
57
62
98
82
43
69
60
86
59
76
60
79
61
63
90
71
86
62
87
69
102
96
76
99
76
52
86
64
80
50
71
100
74
78
59
64
66
91
59
74
61
80
72
70
62
85
63
55
65
70
71
40
62
83
78
62
81
58
58
58
79
80
71
63
74
69
78
61
47
66
58
79
54
66
75
51
70
92
51
54
58
89
76
70
45
67
66
47
46
83
94
75
58
69
63
56
51
73
69
54
72
51
78
63
56
83
55
55
76
67
48
77
80
70
50
62
72
60
58
72
58
50
59
51
55
68
57
55
40
62
66
69
52
41
77
77
78
66
97
70
46
57
60
49
46
88
64
76
42
39
64
49
53
54
69
60
59
48
44
45
74
59
55
60
50
66
42
78
50
55
58
43
65
44
75
55
75
52
53
44
80
56
80
71
61
59
97
53
53
59
44
77
48
54
73
53
51
42
34
61
36
36
61
35
35
58
38
60
63
55
77
65
50
49
54
44
42
49
56
43
45
68
73
54
44
69
65
72
54
48
66
47
62
58
45
62
60
48
91
51
41
52
64
32
53
94
33
71
67
46
49
47
57
77
54
50
88
45
63
42
59
55
35
56
62
50
46
45
51
40
62
48
53
66
70
73
66
58
35
34
78
49
96
46
57
43
45
42
53
72
63
82
61
49
39
57
49
43
66
75
62
44
45
69
53
49
53
44
66
50
78
53
37
44
48
59
48
53
66
57
38
72
43
60
61
61
48
51
48
86
45
46
64
55
64
59
61
40
44
48
59
70
55
59
43
66
45
40
43
48
55
61
63
34
49
40
49
39
40
55
63
61
61
60
56
50
43
36
49
40
41
32
35
53
56
59
49
55
53
52
44
43
46
37
58
54
45
54
47
53
63
39
48
57
56
70
81
40
46
40
38
51
38
42
43
33
42
89
50
54
49
35
44
50
63
45
53
42
54
41
42
45
83
67
52
35
40
43
37
46
30
53
51
70
38
48
34
60
49
59
45
38
32
55
38
48
38
43
37
46
36
35
40
45
48
41
42
49
42
34
42
41
57
43
29
33
40
38
38
26
31
27
45
48
29
27
31
58
36
39
42
31
39
37
55
40
58
52
50
45
36
34
49
53
30
39
51
49
54
30
34
37
33
40
30
31
27
51
54
36
49
71
35
33
28
67
30
37
56
57
31
30
56
45
41
24
31
19
128
26
26
21
26
26
29
25
25
28
141
35
42
28
32
32
15
26
27
29
29
20
39
20
42
19
24
24
27
24
25
49
31
26
32
25
27
43
43
27
29
36
21
22
42
32
25
34
37
24
21
33
18
17
31
23
25
24
42
13
28
30
18
30
32
44
43
20
27
29
15
32
11
28
12
27
15
21
14
12
28
19
20
25
26
18
17
32
31
25
32
36
24
25
26
18
26
18
23
36
23
19
23
28
20
11
17
42
17
23
12
25
16
14
23
13
3
9
24
16
18
22
25
16
37
35
25
14
14
19
5
15
14
11
22
23
15
19
13
14
11
32
17
9
7
19
25
11
9
14
20
11
12
19
20
16
15
20
18
8
8
14
7
5
10
15
36
5
38
13
8
13
19
36
12
15
10
17
15
6
11
10
8
6
16
17
11
33
20
10
12
9
10
3
4
9
5
3
21
15
19
22
15
31
13
29
14
9
8
14
8
7
18
27
22
4
11
2
9
3
15
15
4
4
23
5
11
17
9
17
9
10
14
9
9
9
22
11
8
11
13
2
22
6
8
17
8
11
10
6
4
5
11
20
7
5
12
10
18
9
5
24
6
14
14
10
5
8
16
10
4
10
9
3
7
11
10
7
9
2
16
7
12
6
15
7
5
4
8
7
9
5
12
5
10
17
9
5
11
5
17
7
7
6
17
21
9
17
6
18
21
9
8
4
21
25
7
17
22
18
15
34
15
17
12
10
5
4
17
14
13
6
9
6
9
16
16
7
11
10
11
16
14
11
5
15
4
13
14
9
11
11
11
12
20
17
16
11
3
8
3
15
10
12
4
19
15
17
16
12
10
12
29
13
9
17
22
13
13
10
11
16
7
20
26
30
17
26
5
17
11
14
22
12
17
8
21
10
10
20
13
10
16
15
14
28
24
23
15
24
28
10
12
19
7
18
25
19
37
24
24
31
22
14
40
32
27
15
18
28
29
15
40
25
25
17
19
37
21
20
17
24
29
17
18
37
24
31
23
34
12
32
22
105
22
36
46
34
19
25
52
30
23
30
17
19
34
30
27
26
34
24
35
33
51
49
38
14
31
41
29
34
47
54
45
29
43
36
42
50
15
48
36
51
48
58
28
41
35
48
27
44
44
57
57
35
52
45
41
25
59
36
59
55
39
25
50
42
47
44
46
35
67
51
50
50
53
70
74
44
60
70
63
66
69
64
87
81
62
60
70
75
96
67
71
67
111
62
92
67
60
67
64
94
78
89
78
64
112
73
79
87
78
74
69
104
106
79
78
89
101
69
72
70
67
98
77
101
105
71
87
56
76
69
97
105
84
106
101
58
92
91
66
81
102
77
63
117
80
104
68
77
109
75
111
90
112
86
117
101
100
89
84
107
65
80
109
68
86
106
99
98
112
103
106
81
93
106
104
110
113
78
113
104
86
102
86
93
81
118
67
95
80
107
94
107
70
96
94
124
96
57
99
115
82
91
102
102
118
92
88
102
130
97
91
86
113
86
97
107
103
116
121
107
78
93
76
111
80
111
87
73
74
81
97
110
85
97
77
97
115
74
109
121
90
89
108
68
83
86
100
81
108
160
89
98
148
96
94
129
104
95
93
94
142
92
91
105
79
112
100
85
83
81
71
106
106
116
107
71
152
114
76
81
133
85
96
90
101
86
84
85
102
106
119
100
91
85
63
111
114
91
79
96
90
85
84
83
102
114
92
90
106
102
93
91
73
76
139
124
88
97
59
91
103
89
94
126
74
86
150
82
76
105
145
78
88
59
88
110
112
89
127
101
96
80
94
84
105
75
109
81
87
90
86
79
73
78
71
79
102
90
123
90
94
108
113
103
93
81
49
86
81
73
82
90
83
84
110
79
96
78
61
138
101
108
67
77
97
102
66
68
133
80
76
89
69
99
86
110
82
96
71
63
123
97
78
103
67
87
66
99
69
103
65
65
97
84
88
84
88
63
68
61
92
68
100
50
96
68
82
100
76
56
63
81
82
105
64
116
81
79
107
74
83
99
71
48
92
65
57
67
87
49
87
82
71
65
80
88
60
78
75
86
76
71
98
78
62
75
90
86
59
108
67
69
106
121
68
80
73
32
80
59
76
86
62
90
67
85
84
55
85
75
77
78
87
71
52
67
90
78
67
83
60
81
78
78
53
74
72
56
80
90
97
56
69
56
52
61
79
58
62
83
77
52
73
76
58
63
49
55
49
45
51
65
92
54
78
72
74
74
55
59
75
45
65
57
89
49
54
54
80
67
47
52
53
72
70
63
55
49
74
96
74
65
60
70
68
71
83
63
87
75
75
61
73
70
51
52
80
70
62
75
58
78
78
70
47
72
48
59
100
60
70
58
86
66
75
66
59
68
49
72
44
87
50
41
38
47
45
49
44
42
46
74
61
67
52
66
65
55
48
51
43
61
60
53
69
45
41
49
56
80
51
47
45
44
60
63
52
71
64
70
49
57
63
57
52
79
43
60
51
69
53
49
48
52
60
33
52
41
64
53
49
48
49
59
37
58
46
52
45
71
59
55
48
40
38
70
43
48
59
61
61
46
63
52
55
43
43
33
51
47
53
63
58
54
52
57
47
50
57
68
45
71
51
50
41
58
49
41
39
39
43
62
62
38
40
47
33
51
41
70
72
57
38
37
45
67
71
46
58
42
36
48
43
59
59
48
24
41
58
50
57
47
70
53
66
58
50
67
36
59
33
79
33
28
61
47
65
45
49
34
39
65
61
51
65
46
59
50
53
58
66
50
41
93
47
59
61
49
48
83
86
39
54
44
34
63
58
64
71
62
60
42
61
55
61
38
35
49
53
118
40
87
51
44
33
68
32
49
53
46
73
59
61
49
32
35
73
53
36
61
50
27
54
63
36
47
71
35
58
51
26
48
55
38
52
57
46
33
44
53
40
47
44
39
38
50
59
71
63
42
51
30
59
58
51
46
57
38
48
57
41
34
49
50
58
33
49
61
57
44
34
43
39
50
42
31
36
39
40
38
39
66
45
60
45
39
65
51
40
51
51
31
38
40
45
37
45
43
26
31
33
62
32
50
55
38
61
46
61
33
38
46
63
48
53
37
38
46
31
57
31
44
44
54
37
41
48
38
64
36
37
41
57
33
31
40
34
31
63
73
95
34
31
36
41
66
42
47
45
45
34
70
44
38
28
31
31
28
34
46
43
29
57
32
34
41
51
28
32
29
44
65
58
52
28
20
49
59
38
38
34
59
31
35
41
34
35
50
32
29
30
38
41
24
35
27
20
50
39
17
35
18
25
27
19
43
26
29
23
30
37
57
30
44
26
31
43
41
37
33
31
16
34
38
52
28
28
43
38
38
29
37
29
50
29
27
27
26
20
30
27
30
34
29
26
35
15
28
33
23
29
27
46
42
19
31
34
20
40
24
33
18
20
22
16
17
26
53
16
31
12
29
18
15
32
29
32
23
17
22
14
10
34
25
15
22
21
14
22
30
37
17
34
25
27
11
17
12
39
16
10
16
22
15
20
9
16
19
30
21
18
10
21
12
7
31
19
11
22
27
18
11
10
18
23
24
19
17
12
21
14
25
16
17
7
21
10
15
16
14
13
7
18
12
12
24
7
17
10
23
9
18
15
13
23
13
11
10
8
13
14
15
8
13
10
15
9
6
10
11
13
9
2
10
17
12
25
13
14
6
9
11
18
17
15
4
6
19
8
7
13
13
16
6
12
3
25
16
10
10
14
14
7
12
7
11
9
9
8
13
5
5
12
13
2
9
13
10
10
11
23
11
12
14
9
21
4
10
10
17
5
9
12
11
11
5
4
14
4
6
16
6
9
13
18
3
3
6
10
10
21
4
6
20
11
6
11
2
10
8
8
6
8
10
7
3
5
13
7
15
7
13
10
9
3
7
7
14
8
17
11
7
4
6
4
7
3
6
5
16
4
14
6
4
3
4
7
6
6
12
4
10
5
18
12
8
8
5
9
2
9
6
1
12
10
8
7
26
23
5
6
11
14
5
15
13
7
11
4
1
10
8
6
7
11
8
14
9
9
9
12
7
21
10
10
1
12
9
3
8
15
14
10
10
8
10
10
9
11
5
3
7
12
8
12
14
13
11
8
14
29
23
13
9
12
13
20
5
15
7
14
17
12
17
14
22
12
9
6
12
13
10
17
28
9
18
9
27
11
20
9
23
11
14
12
29
10
6
15
9
14
9
10
18
28
36
17
18
28
36
16
17
13
11
14
17
14
28
20
17
26
22
9
42
19
23
29
45
15
23
29
34
43
31
37
16
26
16
38
20
31
42
13
25
23
44
15
15
51
22
31
56
38
26
25
25
18
30
41
34
47
22
24
30
35
25
37
40
30
30
50
26
26
40
41
32
31
28
31
27
34
36
27
39
49
42
44
50
49
41
42
38
43
30
37
31
51
38
44
40
43
39
34
21
53
34
26
41
27
37
41
52
67
49
59
44
54
39
39
46
49
58
35
61
55
61
52
61
58
46
39
33
53
45
63
55
63
56
39
71
51
63
39
38
71
38
50
56
48
60
61
58
33
39
45
46
39
39
48
74
73
51
67
65
64
58
74
49
58
65
43
45
75
53
54
45
80
52
61
58
51
52
41
38
62
44
69
49
46
35
62
59
56
81
54
52
91
51
65
70
63
66
82
76
64
79
86
60
67
77
46
51
66
43
51
88
60
66
60
48
89
38
65
74
61
82
34
58
65
68
63
53
69
82
50
66
70
55
73
58
61
59
54
103
56
56
63
81
98
73
90
69
68
66
91
80
94
65
58
86
74
74
86
75
58
79
93
68
70
58
64
65
74
68
118
67
81
68
72
95
61
77
68
56
87
68
115
65
55
61
103
92
79
71
57
97
79
83
96
57
75
70
74
86
68
116
76
66
78
66
68
71
79
71
89
62
75
69
45
48
69
45
75
84
56
76
52
101
80
79
52
73
81
66
74
56
74
57
91
72
78
84
63
66
62
42
61
75
147
59
78
55
80
80
82
61
69
68
72
70
69
72
67
43
55
46
86
69
74
77
60
101
63
64
58
76
53
70
69
59
78
53
75
105
54
82
62
65
60
80
85
118
51
48
88
41
67
54
47
49
87
107
74
58
73
59
72
84
57
51
47
82
50
55
66
67
56
56
61
63
63
95
48
65
58
56
69
85
55
63
63
90
60
80
44
64
64
130
66
60
80
87
69
83
65
62
61
54
54
58
68
57
52
67
82
58
70
54
54
58
70
74
55
64
60
59
65
84
62
54
58
53
58
50
45
61
47
84
49
68
92
62
70
62
67
50
53
75
55
67
72
52
125
82
57
92
69
73
81
45
50
90
59
64
56
73
79
61
104
64
65
70
82
55
70
61
45
59
68
66
47
68
50
52
64
51
55
61
58
76
55
57
51
56
50
64
46
65
61
64
56
62
57
58
52
46
76
64
57
55
56
55
48
64
60
52
59
40
71
51
35
69
69
74
71
61
46
39
55
54
63
53
47
49
58
56
54
40
61
66
50
53
52
47
44
71
64
46
78
47
47
56
64
54
52
35
59
71
46
51
66
55
58
58
47
38
46
74
45
42
50
49
51
44
43
36
48
45
53
51
69
36
55
29
61
44
82
58
38
50
41
45
41
66
32
42
42
66
31
51
47
29
55
52
40
53
28
40
35
49
36
39
34
44
56
60
29
35
43
55
53
54
48
40
30
39
48
45
39
42
53
35
46
42
33
36
28
35
62
39
46
27
31
49
36
23
50
40
97
39
34
36
27
32
19
31
19
49
34
16
38
35
41
27
43
33
34
25
21
19
50
56
23
23
30
55
32
49
57
40
39
25
41
35
43
32
40
32
20
39
20
44
22
37
23
28
28
34
42
22
49
57
39
23
39
39
33
32
33
37
46
42
40
55
31
35
29
35
42
31
22
40
42
23
32
25
48
25
31
32
55
12
32
41
16
31
31
30
28
34
25
34
24
33
44
36
27
72
23
25
35
21
40
44
35
31
31
43
42
35
35
39
20
46
27
33
27
29
43
33
18
30
26
38
23
33
35
38
36
25
18
26
24
32
32
34
28
26
24
35
29
28
28
33
38
25
54
33
42
30
33
23
25
17
35
42
20
41
34
38
49
25
28
36
42
35
22
30
30
47
38
18
27
17
33
37
26
40
27
36
16
36
49
28
33
19
29
36
27
31
19
28
36
41
12
26
19
34
43
23
19
28
39
23
21
49
19
11
40
17
35
19
21
18
49
21
30
23
25
30
26
48
25
39
19
26
15
21
27
15
20
31
17
21
25
13
32
35
27
23
15
22
22
15
36
23
34
32
38
39
23
20
19
28
38
18
28
34
18
30
22
29
25
22
16
25
29
30
25
34
23
17
21
20
18
20
25
20
20
14
38
50
41
23
19
17
37
25
15
24
30
7
12
39
14
18
22
14
24
26
15
14
26
27
13
30
10
15
21
19
16
11
15
30
22
15
16
22
14
22
14
30
12
17
32
7
26
11
13
19
20
11
15
8
20
13
11
39
11
20
12
17
12
16
17
13
12
10
19
24
20
28
6
19
17
12
8
28
9
14
16
4
9
14
23
23
12
9
20
7
7
35
22
18
15
14
11
17
9
18
13
5
12
9
12
18
12
20
13
7
10
20
8
14
11
20
24
12
9
5
6
10
5
11
9
6
11
17
4
16
10
12
10
13
5
14
8
14
14
8
6
11
10
7
15
8
5
6
13
6
18
10
12
6
12
10
13
7
18
4
22
0
25
17
7
36
11
6
10
21
11
6
17
16
26
4
14
10
9
5
8
6
9
5
11
14
7
17
4
3
2
5
14
1
22
3
11
9
3
15
9
12
11
7
11
11
3
10
1
6
5
7
4
16
13
14
7
5
8
13
5
4
6
6
5
10
5
11
8
8
7
14
3
7
13
10
9
5
2
6
8
13
9
6
2
5
11
9
10
6
1
3
3
7
7
2
2
3
6
8
6
6
2
11
3
10
2
10
2
2
9
3
2
2
13
6
3
1
5
1
7
2
2
2
11
0
5
4
6
2
5
3
10
6
14
1
4
7
9
4
8
3
4
10
1
2
4
20
2
3
15
3
8
2
4
7
7
5
13
12
1
4
11
14
8
11
4
11
2
2
3
3
2
3
4
2
7
6
4
4
3
4
4
3
1
7
5
8
2
19
0
1
15
4
11
4
1
7
3
13
6
5
2
9
5
3
19
9
7
6
4
1
4
9
5
2
9
5
1
2
4
9
6
7
1
12
4
1
6
4
4
3
8
6
1
6
25
1
9
9
8
2
5
13
1
6
4
2
0
2
8
2
3
14
4
1
5
1
3
0
4
8
3
4
16
3
2
14
2
3
1
0
5
5
4
1
1
3
4
1
4
20
6
2
16
5
5
8
3
13
13
6
8
7
4
3
10
13
5
9
1
10
11
9
10
2
13
12
17
2
13
7
7
11
9
6
8
7
12
8
5
3
5
7
18
9
5
4
9
13
9
7
10
14
11
8
7
4
6
10
10
16
12
6
14
15
9
21
6
15
9
22
7
20
13
18
7
5
20
10
14
17
30
21
24
12
8
7
13
21
14
12
9
5
25
17
11
34
11
23
19
14
24
24
28
16
22
20
21
24
6
11
22
17
13
26
24
35
24
17
12
34
30
16
23
19
17
22
8
22
18
14
29
24
24
31
60
19
20
44
47
26
32
40
18
25
23
28
24
30
39
30
39
31
20
42
10
30
37
36
26
24
30
22
25
42
22
40
20
23
28
20
29
31
37
23
32
7
30
33
29
20
37
46
18
17
33
38
29
30
41
35
35
42
42
41
37
32
34
34
20
41
51
32
27
35
47
35
39
52
33
40
40
31
33
48
37
27
36
46
47
53
44
42
46
57
34
49
28
37
62
16
58
53
41
35
52
35
32
35
31
44
69
24
55
44
38
43
58
55
57
56
39
51
41
77
43
34
58
22
35
76
47
42
35
47
52
36
54
45
70
40
62
47
42
67
62
63
49
37
54
84
60
32
62
71
69
52
41
37
57
53
42
37
72
82
52
45
67
42
53
58
43
44
52
64
57
58
41
72
34
66
72
79
37
57
60
74
76
56
80
51
52
58
52
48
60
85
50
71
54
44
83
53
73
54
56
54
44
52
52
51
63
53
56
90
52
42
58
63
58
47
83
47
44
67
59
67
66
109
63
53
79
55
58
49
91
49
50
55
60
86
49
67
40
38
69
75
54
77
76
52
70
40
37
55
72
46
62
66
74
54
38
73
42
57
61
79
48
76
48
69
50
62
78
53
62
103
68
70
67
49
65
61
51
76
83
71
63
44
35
63
56
40
56
67
85
53
57
36
76
84
55
79
47
69
43
37
66
50
63
76
66
46
56
45
55
67
77
67
53
69
45
87
61
63
67
50
71
74
50
62
127
72
52
61
79
75
50
76
74
60
66
60
58
44
65
73
59
72
41
109
78
58
64
81
66
72
49
51
63
62
91
68
60
83
79
59
80
55
62
60
77
51
41
75
64
66
39
64
82
49
52
57
49
40
44
39
43
60
55
68
47
50
52
54
59
44
43
62
56
53
71
82
88
52
64
37
50
56
64
77
57
49
44
53
98
70
84
42
51
60
78
71
74
63
77
52
58
74
63
65
40
66
74
66
53
59
52
45
58
55
71
61
59
40
51
60
58
67
48
51
41
81
62
41
65
54
58
65
38
47
71
48
55
52
49
72
65
69
54
57
59
58
71
48
65
54
64
54
63
66
56
49
65
59
84
78
61
71
49
59
41
69
77
58
75
72
53
63
61
54
90
59
92
61
54
70
41
63
54
60
55
56
60
59
57
74
39
46
60
66
63
53
36
70
34
41
52
58
46
52
36
38
28
56
48
62
46
65
93
35
46
71
55
66
41
64
62
62
69
48
58
50
49
49
62
58
54
60
44
36
45
34
63
51
41
46
61
64
67
42
37
37
73
53
70
63
70
47
76
55
59
51
78
36
35
40
31
39
57
24
76
36
57
36
78
30
61
42
46
37
54
38
59
52
48
67
36
30
64
34
40
74
54
38
44
53
53
49
53
65
51
56
36
62
60
56
53
55
49
48
50
48
47
44
48
58
41
61
26
77
68
45
54
34
53
61
42
35
35
54
51
71
42
51
45
33
50
57
58
46
59
37
26
38
51
39
42
41
57
36
57
50
50
50
77
59
48
36
66
61
61
51
49
55
68
42
35
50
43
25
39
34
28
59
40
54
44
54
54
48
57
55
36
40
111
75
29
41
42
43
40
56
47
50
82
52
53
46
38
41
68
40
49
62
40
56
64
52
52
61
29
35
42
43
32
46
58
53
60
53
32
50
44
56
28
26
53
52
51
36
38
45
70
43
54
43
52
36
60
76
50
48
38
45
37
74
62
79
43
40
54
51
46
62
50
46
42
35
71
40
50
51
53
64
30
51
57
47
58
77
60
49
47
56
28
37
84
28
42
39
48
72
53
32
74
37
71
71
32
58
60
41
44
43
34
45
21
42
54
39
29
37
33
54
36
44
24
36
46
42
48
27
46
49
45
40
30
43
73
40
39
34
37
56
60
35
54
33
33
29
28
39
48
33
58
39
25
32
40
26
31
45
34
28
55
52
47
34
46
30
31
40
21
65
35
23
24
79
29
21
51
32
28
19
20
32
31
64
64
39
20
24
32
28
24
36
26
14
44
25
37
56
26
35
19
34
36
25
30
19
33
15
43
21
24
18
18
33
35
33
30
54
18
31
20
16
37
33
33
32
44
21
27
22
22
46
61
40
28
21
19
20
31
26
26
22
38
25
24
14
28
13
32
7
21
13
11
13
28
15
17
17
26
33
25
19
12
26
21
28
16
9
23
15
21
13
19
17
11
21
29
24
24
30
19
10
15
28
17
24
10
27
8
20
16
28
17
6
15
18
6
11
11
6
4
34
14
36
23
17
15
14
19
24
19
10
20
13
37
8
33
33
11
31
4
14
24
19
3
9
10
14
14
10
17
13
9
19
29
17
19
19
4
26
11
30
5
14
8
20
15
9
12
22
9
10
15
3
14
9
19
8
9
9
38
18
11
10
28
19
4
11
11
13
17
4
8
14
6
4
14
7
4
9
12
8
15
21
4
10
3
3
1
20
9
9
4
1
3
2
4
4
3
2
14
2
3
4
8
28
2
1
8
1
6
16
5
2
4
23
3
14
3
15
13
17
8
7
6
3
2
2
1
10
11
5
3
11
2
3
6
3
7
3
2
4
8
5
6
15
1
9
4
2
11
2
5
5
4
4
15
6
2
1
2
10
5
4
7
18
5
5
10
4
4
14
13
10
6
4
2
2
4
1
5
1
4
3
3
3
11
1
1
9
9
3
2
6
3
1
2
4
5
3
3
1
1
18
0
1
11
5
2
4
5
7
5
1
4
17
7
7
7
10
7
3
6
7
5
1
7
1
6
5
2
4
3
8
8
3
9
20
1
2
10
6
3
6
5
9
5
6
4
11
24
1
1
6
2
2
4
5
4
3
3
6
11
3
15
6
7
10
10
4
16
0
4
6
7
11
3
6
7
3
3
15
15
4
2
3
4
1
7
6
5
2
3
7
9
6
5
14
7
18
10
27
12
13
6
13
24
16
3
12
10
8
7
5
5
18
8
16
7
4
7
9
9
8
21
16
9
14
14
10
16
15
9
18
9
7
11
15
11
15
9
31
8
13
20
7
5
45
9
8
8
20
14
11
22
12
14
18
32
48
18
11
15
13
14
14
12
12
10
15
13
16
23
23
31
14
27
18
13
20
28
23
16
9
45
18
39
60
12
27
34
27
16
20
24
18
27
26
38
19
38
20
20
27
28
12
26
19
28
24
20
39
26
19
17
21
30
38
30
27
40
33
22
15
28
26
36
32
22
16
44
52
30
37
43
33
38
63
46
29
28
40
33
55
40
19
23
45
38
54
44
38
39
27
44
54
48
60
33
45
33
31
37
50
56
65
39
49
31
30
48
62
39
45
37
43
62
26
45
44
58
40
32
51
68
40
52
34
48
40
46
54
49
51
35
56
44
69
82
33
60
77
31
45
40
55
44
112
98
68
51
52
91
83
75
47
57
56
54
83
50
75
74
56
72
61
76
36
65
32
68
47
90
61
67
51
63
67
49
66
60
58
58
60
52
66
88
53
67
37
47
54
73
63
57
64
98
53
43
57
76
85
57
69
104
91
89
49
67
45
55
44
77
74
73
90
57
43
42
60
50
79
52
61
66
66
81
73
49
79
72
66
61
50
105
49
84
75
72
60
67
68
74
47
121
69
66
77
57
80
72
61
72
65
63
75
66
58
67
68
63
76
91
78
61
69
68
71
56
93
54
90
86
74
109
46
95
66
80
62
73
67
110
56
75
65
58
67
84
68
65
85
54
56
105
91
86
55
67
86
55
63
85
72
63
80
72
57
71
51
57
81
49
60
109
103
55
79
90
64
93
49
87
79
69
82
126
62
45
216
134
86
74
77
79
84
88
77
62
63
87
90
47
74
57
76
46
51
68
68
55
90
70
93
63
74
64
96
85
55
63
85
86
48
99
76
102
106
79
60
75
63
112
95
83
61
73
80
66
84
73
65
64
48
77
90
52
61
52
66
81
68
77
57
97
54
77
67
57
66
64
67
60
87
74
73
75
82
75
72
69
57
76
99
66
65
130
74
58
60
70
72
84
66
97
65
78
59
71
77
90
65
74
100
59
83
55
89
90
64
58
64
63
53
63
54
80
104
82
82
76
81
73
72
80
69
90
69
68
74
77
54
79
55
71
73
50
55
76
75
65
67
44
78
75
84
57
69
74
65
78
83
44
51
71
50
88
74
52
60
85
68
52
60
96
79
71
90
63
73
55
78
70
68
56
81
63
44
98
59
78
84
52
51
75
70
61
78
57
54
63
51
44
79
66
58
59
77
81
54
67
88
71
55
78
63
101
48
69
62
91
91
68
56
60
54
72
57
62
51
35
53
69
55
83
66
88
69
107
74
50
63
54
49
65
66
61
55
69
70
76
113
74
66
38
84
70
50
56
78
104
84
66
65
68
53
44
67
75
61
89
50
60
84
72
69
66
60
57
51
69
51
46
59
58
57
72
55
60
49
37
77
69
71
49
102
40
73
53
66
45
55
54
60
41
53
60
64
45
80
60
96
79
44
70
47
69
88
64
72
59
31
67
58
50
40
79
57
58
52
57
35
51
51
65
60
37
34
67
54
45
63
51
44
56
65
67
61
59
46
53
44
49
39
39
75
61
94
75
113
28
50
55
51
39
53
58
60
54
38
73
91
46
56
72
48
53
97
40
97
60
58
61
47
50
72
52
38
56
65
52
75
53
47
51
32
52
53
67
56
40
47
52
52
63
66
76
60
57
39
59
57
46
41
62
48
59
69
56
65
58
99
60
112
45
62
27
59
47
56
91
50
74
61
47
59
39
50
69
78
54
51
67
47
49
72
51
45
50
33
47
59
38
66
81
65
74
54
62
76
39
62
55
57
45
44
38
51
33
60
86
77
71
53
47
53
54
56
50
78
68
80
46
53
70
40
50
62
93
52
72
47
68
42
44
48
54
62
55
78
62
55
35
60
57
63
70
55
80
67
52
72
61
62
85
56
41
66
66
51
41
33
53
36
79
47
34
69
38
41
63
43
63
65
40
54
67
130
64
40
60
53
34
54
46
47
50
60
46
36
59
37
40
59
55
38
42
62
55
63
81
53
56
44
54
44
55
37
50
53
52
42
69
41
76
63
44
45
42
92
52
51
49
68
29
43
71
33
51
44
45
44
38
38
60
46
59
49
39
69
56
28
38
36
41
46
33
52
45
49
36
78
31
48
55
33
39
52
60
53
37
33
29
35
40
35
48
31
40
52
63
43
31
57
45
70
20
36
35
48
39
30
31
18
35
34
25
27
48
17
47
54
45
26
53
63
25
47
45
35
30
35
23
26
29
16
8
27
73
23
33
21
28
22
20
39
30
18
68
21
42
29
34
21
35
24
26
19
45
22
21
29
47
22
51
15
29
34
53
47
30
33
23
25
27
36
96
14
32
24
18
27
32
28
17
39
21
11
35
28
25
21
16
20
25
30
14
32
35
28
8
18
31
18
13
29
21
18
16
27
15
7
21
64
11
33
16
19
26
29
26
19
23
29
13
24
21
9
6
23
20
20
16
22
37
16
11
22
20
18
20
16
18
18
24
31
14
15
4
26
21
30
12
26
13
27
27
38
18
15
14
7
14
13
17
8
14
13
25
10
10
5
18
8
16
15
13
6
17
9
16
26
11
31
6
8
9
18
9
8
10
17
3
8
9
22
9
15
29
13
13
7
8
8
10
7
12
12
18
11
10
21
18
30
4
10
9
12
19
4
17
3
10
1
16
12
11
13
7
12
10
8
9
15
9
20
6
13
20
8
3
10
10
15
12
3
9
3
8
2
11
11
11
2
5
4
12
15
5
15
7
18
14
11
20
5
14
14
8
4
24
4
4
8
22
2
1
7
5
11
6
7
3
1
5
8
7
4
7
15
0
12
9
5
0
7
11
20
4
27
4
5
3
12
3
5
10
3
4
5
7
9
17
7
6
3
12
0
5
9
9
4
2
2
3
2
5
2
3
4
8
12
3
2
4
7
3
5
17
4
4
1
9
7
2
2
5
13
16
9
13
5
6
8
7
2
4
8
6
13
21
4
5
1
8
5
4
7
16
4
7
7
11
7
7
7
6
17
18
4
14
3
3
23
1
36
7
46
12
5
7
3
10
6
12
9
13
24
27
10
10
9
5
13
10
5
21
10
7
3
11
9
13
34
9
12
7
6
9
13
5
6
17
9
12
18
4
9
5
22
16
4
13
23
26
14
17
15
16
5
5
14
12
14
12
10
12
9
6
15
19
14
18
20
25
12
6
11
11
9
10
25
27
56
10
19
15
42
12
8
21
14
10
7
27
12
19
23
33
22
26
27
33
10
12
28
12
25
19
25
24
32
24
21
14
31
21
19
31
32
25
19
13
16
11
22
15
27
29
16
19
11
23
36
16
26
17
25
20
18
25
24
12
20
14
22
49
27
20
22
28
19
25
25
40
18
16
26
28
17
56
30
28
23
31
19
36
44
36
24
10
36
24
18
28
15
55
26
26
24
53
33
49
25
16
22
17
44
32
94
16
56
25
35
27
35
24
46
32
62
35
37
29
18
42
46
43
20
47
44
25
39
34
38
38
30
54
41
141
45
49
49
44
41
38
54
23
51
36
49
45
38
42
36
51
73
53
42
41
69
24
33
46
44
88
57
58
70
45
46
36
47
50
42
59
23
45
55
76
53
60
47
63
38
54
51
48
60
53
52
47
46
78
57
50
31
63
72
47
72
65
53
54
41
66
58
51
42
88
59
41
52
73
47
48
62
48
34
61
69
63
60
29
30
48
72
67
84
70
59
101
60
69
54
57
45
33
68
89
86
59
61
53
87
62
50
44
114
77
37
36
38
61
71
50
106
71
71
97
56
59
96
50
43
53
98
59
60
72
53
53
50
83
59
108
63
45
71
55
77
58
81
47
36
75
81
111
63
64
63
73
96
89
69
62
63
95
68
54
47
59
79
62
79
53
107
95
77
55
39
74
72
52
57
54
55
108
79
58
65
43
86
72
73
99
51
47
57
77
77
49
88
28
72
68
55
69
62
51
64
68
55
86
69
39
42
64
89
66
53
85
65
61
71
64
61
48
77
35
81
70
61
72
95
85
40
69
36
67
70
73
70
81
68
51
63
98
84
75
52
94
65
78
73
78
51
109
80
77
57
52
103
55
59
68
77
70
69
52
54
54
58
51
64
59
35
88
84
63
82
48
61
88
56
56
78
76
66
78
58
51
54
61
70
77
67
51
125
52
64
59
59
68
48
58
61
54
93
74
50
52
71
53
54
83
68
37
64
82
68
74
49
53
57
50
39
81
51
63
67
58
86
47
82
53
75
67
81
71
71
67
62
72
46
119
86
65
84
58
61
66
131
69
62
47
83
58
68
94
69
90
66
110
55
68
61
63
61
76
59
41
100
43
81
55
64
71
66
76
59
72
60
48
78
53
38
56
44
90
59
53
75
64
55
63
40
62
43
57
49
62
63
52
44
77
75
108
40
71
57
41
62
45
54
63
64
74
49
61
47
61
54
68
37
48
61
47
67
51
53
73
39
91
80
41
83
48
54
45
65
43
52
82
81
51
59
47
37
81
74
182
40
52
45
70
68
37
67
47
59
57
42
39
56
46
38
46
114
56
90
71
87
42
50
57
55
69
79
61
63
39
45
35
60
56
35
57
56
41
46
41
67
41
52
80
68
58
92
48
50
40
63
41
55
45
43
60
53
68
58
47
37
41
87
42
33
43
64
38
35
41
51
79
37
46
43
37
56
39
35
118
45
51
70
39
39
58
80
61
95
74
56
39
44
47
55
53
39
46
28
52
30
45
84
44
39
43
59
46
31
32
43
49
49
59
39
38
47
45
37
48
48
48
41
60
27
37
69
45
42
54
62
52
66
59
61
62
29
47
29
46
40
64
65
66
57
42
40
57
54
54
49
57
48
64
50
44
43
54
36
36
44
43
55
38
44
62
52
31
37
46
46
57
60
51
61
42
72
76
61
46
38
47
44
48
48
61
44
51
51
60
47
27
65
63
43
55
78
52
50
87
52
68
83
36
44
66
42
78
68
64
50
47
40
52
60
44
48
61
73
87
64
46
67
65
57
52
65
71
49
55
62
60
49
49
52
49
41
64
119
63
40
69
47
40
48
67
53
63
58
82
62
56
61
108
58
78
66
37
81
44
65
41
52
63
63
58
64
43
39
43
58
58
63
54
56
59
46
48
39
58
55
45
58
39
71
75
51
36
44
39
48
55
43
43
28
65
67
50
50
54
55
35
46
76
48
38
28
43
65
58
47
30
46
30
50
40
50
44
57
46
40
63
40
40
62
29
47
55
48
36
42
49
47
28
57
53
47
28
59
32
50
49
64
46
70
43
67
35
40
55
53
45
41
35
21
63
31
31
35
49
38
47
33
39
48
40
33
44
26
34
52
25
54
35
41
57
69
36
36
79
33
39
24
56
54
38
45
46
83
62
56
63
29
54
35
44
29
40
59
24
41
63
30
42
36
54
62
47
31
36
30
50
54
33
24
48
25
18
19
27
22
34
19
41
30
47
18
30
21
19
34
37
19
15
15
36
32
21
32
29
24
24
25
24
23
21
33
23
55
20
23
14
27
29
18
39
25
49
13
14
46
34
38
29
36
27
22
28
23
17
28
20
29
13
19
51
26
26
18
41
27
20
11
23
26
17
15
18
15
8
32
35
13
15
25
10
13
8
13
38
26
18
18
8
13
14
15
45
24
34
13
38
29
33
5
10
15
13
20
6
15
17
10
15
15
11
9
35
18
11
12
19
7
30
13
13
14
42
18
11
11
12
17
23
13
34
12
22
10
6
7
18
8
7
18
40
6
10
15
25
10
23
12
14
17
17
11
5
6
12
11
8
3
13
7
24
11
17
7
10
3
12
11
2
11
10
10
12
2
12
8
1
6
15
35
23
4
34
7
11
15
24
17
5
3
2
12
4
11
5
9
3
13
7
13
4
18
12
12
8
2
1
10
6
16
7
3
7
9
5
6
6
5
18
10
6
31
8
7
15
9
10
6
6
10
4
2
2
5
5
11
6
11
5
1
5
3
3
19
3
4
4
3
8
5
2
6
2
6
6
17
8
3
1
1
1
5
7
9
5
1
11
8
2
3
6
3
8
2
3
15
9
10
5
24
3
5
3
5
4
2
13
23
4
10
13
2
10
9
4
5
1
6
2
9
8
11
6
6
3
4
7
7
21
5
8
9
22
1
5
3
5
3
2
8
4
4
2
3
3
4
3
2
2
1
6
3
18
3
3
10
5
9
8
8
2
4
10
3
9
2
7
2
1
10
2
10
5
10
11
5
11
7
8
2
13
8
20
3
9
4
10
2
7
10
10
4
8
10
19
9
7
8
3
11
7
3
7
8
9
8
11
16
16
6
16
9
10
5
11
19
4
5
16
13
8
8
18
11
10
9
9
10
6
10
11
23
7
7
7
15
21
8
25
23
10
19
41
11
8
4
18
13
17
14
16
30
7
14
12
16
6
19
5
15
12
12
14
8
28
13
11
17
8
12
8
10
11
10
30
13
21
19
22
22
12
19
26
23
11
18
18
26
16
7
22
32
10
28
22
20
16
14
83
19
21
18
34
10
17
15
16
26
12
16
22
21
27
21
23
24
42
40
22
20
24
27
19
18
18
16
29
21
34
20
21
15
33
46
29
26
68
33
32
14
22
17
16
48
25
48
16
27
42
35
21
23
21
36
36
49
19
41
40
30
37
31
44
38
34
28
77
40
26
31
37
37
48
44
51
25
50
33
30
44
21
39
35
29
35
53
48
43
42
31
45
43
54
32
61
66
36
39
27
42
56
33
32
39
43
43
40
34
63
33
55
46
73
48
39
39
58
49
52
42
39
56
48
48
40
46
42
50
33
58
52
54
46
89
33
36
28
42
54
68
84
48
46
64
59
44
56
76
69
40
40
40
54
81
52
91
55
38
34
43
46
41
75
41
53
53
71
34
27
37
42
79
55
60
80
48
52
42
32
47
49
64
36
37
48
50
62
52
60
35
41
58
43
66
45
66
103
78
71
95
43
71
55
54
38
77
56
53
54
60
68
46
55
36
52
39
45
53
57
73
47
56
64
72
59
63
61
49
57
55
48
91
57
73
69
54
54
45
95
67
94
59
55
69
72
56
52
54
50
50
118
45
56
75
49
102
59
80
61
73
63
59
49
62
61
58
74
56
49
84
55
78
53
52
65
48
66
51
59
98
122
83
77
48
73
78
68
55
58
57
45
48
40
58
51
57
68
68
53
57
97
75
77
83
55
45
68
90
62
51
64
61
125
43
45
62
51
58
58
56
70
94
56
86
52
45
106
70
69
70
39
58
125
54
71
87
100
63
60
55
84
60
92
104
117
86
86
70
82
83
83
56
69
72
85
120
46
52
57
91
77
84
54
90
55
72
61
49
84
61
64
85
73
60
66
60
61
105
67
70
79
96
67
76
64
55
65
59
69
63
82
92
102
69
111
96
56
89
66
103
92
52
59
44
85
69
54
124
58
60
70
40
78
65
66
79
41
61
70
64
64
58
47
61
69
79
51
34
71
63
47
63
48
77
55
58
81
66
49
73
80
63
61
58
72
61
47
113
64
38
52
84
83
80
53
63
71
65
69
84
63
55
62
69
83
37
115
47
53
75
67
75
66
66
65
50
79
41
54
58
57
65
52
97
57
58
44
92
46
56
63
56
51
39
52
66
52
61
65
71
70
44
97
65
57
64
56
77
74
40
59
59
54
43
63
73
61
100
66
73
48
53
69
56
69
63
54
86
81
44
48
43
42
67
59
58
87
52
39
46
71
73
38
69
61
56
37
64
71
57
67
73
92
41
58
51
58
48
59
72
54
39
59
75
63
70
39
46
57
49
44
50
67
55
47
55
53
69
33
35
69
57
46
70
60
46
48
48
84
69
34
68
47
72
55
53
55
50
34
41
33
45
47
61
58
72
36
35
37
33
20
34
24
27
32
20
37
22
35
32
11
38
23
19
23
35
28
20
24
48
26
24
26
34
16
26
23
18
25
7
27
20
39
33
102
35
25
24
32
22
25
67
28
38
41
45
43
48
48
71
40
37
47
56
79
41
42
18
62
48
66
52
63
48
58
34
43
42
39
43
55
55
38
40
66
29
65
65
59
46
82
39
44
43
35
41
48
33
44
40
45
44
39
59
53
32
72
56
63
68
35
54
54
48
37
35
44
50
61
48
60
36
41
22
38
46
53
45
58
33
45
45
67
71
58
51
53
60
50
49
49
49
81
68
51
61
79
77
38
47
58
67
96
51
64
57
61
44
62
76
35
56
49
52
53
46
63
54
50
39
79
131
56
55
75
57
55
48
50
57
63
51
63
69
54
63
54
64
58
73
64
47
61
52
45
51
82
86
34
47
53
41
59
33
58
41
80
54
41
47
41
49
36
57
61
32
46
49
33
68
50
44
55
49
74
35
54
40
43
43
59
29
38
64
74
67
46
65
33
53
33
34
41
35
52
33
51
32
56
43
52
38
43
47
57
39
50
65
53
64
43
65
74
88
46
50
67
52
31
35
39
78
52
70
40
83
50
73
46
54
46
38
35
79
43
60
63
37
36
30
40
64
37
59
44
37
42
29
31
36
44
51
75
57
22
58
31
39
35
47
30
37
46
35
45
58
46
61
34
46
59
43
53
57
66
33
80
68
38
31
36
69
21
27
61
62
42
35
77
39
43
49
35
43
19
50
75
23
49
52
43
34
46
52
43
29
40
24
27
40
25
39
30
36
16
33
40
17
42
55
39
42
39
25
42
33
20
29
32
49
31
67
28
53
32
22
45
27
14
25
58
37
52
26
24
40
23
24
24
22
14
37
22
23
19
44
24
30
26
38
22
10
23
42
43
27
16
16
36
32
13
15
15
14
28
35
19
16
28
20
9
22
14
20
17
18
20
19
35
13
23
22
13
12
18
23
25
22
14
26
11
27
19
23
12
28
9
9
12
16
30
47
13
36
17
23
28
11
13
28
25
36
21
8
10
31
10
13
29
19
18
12
15
25
23
30
15
32
9
30
18
26
30
7
11
7
16
13
23
18
35
21
9
11
25
11
17
17
12
16
14
13
8
25
15
11
26
28
29
6
18
20
22
9
11
6
15
17
8
11
17
8
14
4
8
18
11
15
14
4
15
7
13
7
8
8
10
5
11
3
11
10
30
6
4
4
10
15
3
7
11
27
3
6
7
13
16
6
12
2
15
8
8
13
3
10
7
11
6
13
7
5
4
6
2
4
12
3
5
3
20
6
3
9
4
8
6
8
5
16
4
0
1
7
6
5
8
10
6
3
7
17
15
16
6
9
7
12
9
6
11
9
3
11
5
16
9
0
14
5
18
4
3
11
3
2
6
7
15
2
8
2
9
9
8
0
12
4
21
16
4
8
7
6
8
5
6
9
12
2
5
2
13
4
11
16
1
13
1
4
4
3
3
2
6
11
17
5
1
9
13
5
7
18
6
12
5
6
1
6
6
11
9
12
15
0
6
17
3
13
10
15
17
5
8
7
6
12
5
6
9
12
9
19
17
9
15
7
7
11
2
2
9
6
7
14
6
11
7
19
15
10
19
11
11
12
28
24
11
4
8
14
14
10
14
12
11
2
9
15
7
13
8
9
11
17
24
12
4
21
18
9
33
15
22
12
6
14
32
12
20
6
29
13
24
21
29
20
20
12
21
10
19
27
26
7
31
12
16
22
13
14
14
33
27
29
27
13
20
29
27
16
30
14
39
19
21
24
9
24
24
30
17
22
7
28
21
31
12
24
16
21
32
26
33
24
24
13
20
27
40
18
38
20
23
23
11
14
20
34
27
25
19
26
12
18
32
29
17
28
22
26
33
28
40
28
31
48
28
20
25
29
18
34
19
33
17
32
42
18
27
50
35
41
43
83
35
25
46
47
27
48
42
34
55
41
46
46
23
32
48
34
42
41
23
48
43
50
28
27
36
40
39
47
50
45
72
38
52
47
36
42
52
44
56
40
26
53
101
21
43
57
45
45
57
45
45
41
66
67
56
42
44
69
52
53
63
51
58
61
66
36
53
48
112
74
70
51
70
69
49
64
56
58
45
89
53
62
60
98
39
57
48
65
63
74
50
65
63
49
79
75
50
78
62
60
46
58
55
71
46
52
69
81
44
75
62
41
71
59
56
77
88
60
51
44
67
71
63
89
82
167
70
72
34
73
53
104
84
56
60
77
74
50
60
67
76
39
76
69
70
50
66
81
51
61
55
86
74
174
63
81
135
70
66
63
60
50
66
88
51
75
59
76
60
68
77
130
84
53
64
74
81
64
75
78
70
86
76
58
91
77
62
105
101
83
42
66
36
87
88
47
79
66
68
59
67
61
66
79
54
96
56
72
79
63
71
93
54
59
91
68
60
111
53
73
62
67
59
73
63
76
72
74
62
76
61
82
69
85
64
87
108
71
46
58
76
78
63
59
48
57
71
71
95
78
65
83
56
83
48
55
41
46
52
61
99
47
80
97
63
69
85
64
58
42
54
68
69
87
66
58
75
63
107
72
66
58
49
76
66
74
41
82
87
85
66
58
64
79
75
49
84
71
78
71
84
57
63
130
78
102
100
60
45
70
88
80
66
72
43
77
74
49
102
132
67
57
51
65
109
53
76
71
65
60
61
45
48
43
70
76
61
69
57
95
73
77
74
59
62
50
51
86
57
76
95
107
51
93
62
66
105
62
60
88
64
74
62
66
47
53
90
73
81
49
108
63
106
93
81
67
58
63
98
77
88
61
90
81
51
58
82
90
60
47
61
46
54
75
84
74
49
104
84
75
65
69
67
63
103
65
54
67
65
45
74
90
65
54
76
43
46
62
60
70
64
40
59
69
48
51
55
65
39
59
61
73
48
78
39
58
44
72
93
77
82
70
40
62
74
59
66
48
48
43
31
85
80
55
60
92
85
72
57
68
100
93
44
53
55
77
94
82
42
56
62
57
79
100
44
47
68
66
57
77
74
63
43
66
39
98
74
46
50
65
51
72
59
38
75
52
54
38
54
68
102
54
41
43
73
73
70
56
54
41
56
37
39
68
35
77
64
62
31
41
63
54
46
48
68
68
60
29
44
59
43
52
81
46
49
90
48
50
64
51
58
82
83
51
32
51
54
68
71
71
60
57
38
148
41
73
121
71
51
49
78
91
47
40
85
49
60
31
53
68
39
50
41
24
57
62
38
50
33
40
64
35
47
51
59
46
43
45
58
68
52
50
31
40
53
59
37
65
49
55
42
51
51
40
38
52
48
55
34
43
63
40
38
43
51
31
63
68
55
66
49
48
50
52
44
64
47
51
51
42
47
39
66
68
25
49
50
53
38
53
63
52
39
50
75
82
55
42
72
52
42
82
42
36
55
41
74
43
49
65
70
63
37
49
41
81
53
46
59
69
36
35
42
34
58
58
38
36
54
50
45
55
48
55
57
53
43
40
33
62
71
51
60
40
48
23
37
53
64
24
59
43
41
66
53
57
43
61
41
55
48
51
39
58
47
66
36
70
26
62
45
56
55
51
46
36
46
49
39
57
48
67
50
44
64
49
62
40
48
85
39
28
49
49
60
45
62
36
54
49
52
70
48
60
49
64
43
51
47
24
53
44
40
39
41
53
49
63
67
55
29
67
59
48
37
43
77
46
47
40
53
59
50
42
34
44
59
47
66
87
47
52
61
41
27
64
46
49
46
54
49
70
51
32
45
38
56
61
58
68
56
63
57
76
48
39
60
56
94
57
48
66
39
49
44
60
47
42
40
66
46
35
59
55
39
34
52
42
54
39
43
49
47
53
46
58
24
43
36
33
51
57
45
40
50
58
48
73
41
56
32
65
57
43
34
93
28
39
45
39
46
49
60
73
45
44
42
29
58
34
51
26
40
52
44
62
21
28
46
34
69
49
41
63
31
36
37
33
21
44
29
44
32
44
32
41
28
27
43
29
24
25
50
37
48
23
36
30
46
28
42
20
58
39
49
23
90
33
30
55
38
30
24
20
24
25
20
24
32
28
43
32
27
17
25
36
61
44
55
30
25
25
51
51
40
15
40
38
41
30
40
22
49
41
33
47
19
23
27
18
24
21
34
22
25
35
31
10
21
22
11
29
30
29
20
17
20
11
20
31
21
12
26
10
24
21
19
58
21
27
23
18
39
35
15
18
31
18
15
19
29
28
25
13
12
25
16
27
16
35
14
15
17
22
26
22
19
6
32
11
18
17
29
14
22
31
42
6
10
5
22
17
20
37
16
27
23
14
27
17
17
11
14
15
20
17
13
10
5
5
8
6
29
8
21
13
7
18
31
9
14
17
6
21
13
13
6
8
44
13
7
6
20
8
11
6
15
9
7
7
21
6
9
6
7
16
4
10
14
20
21
3
21
7
8
14
6
8
7
15
17
14
10
7
13
5
13
5
8
9
21
14
8
15
10
5
5
4
9
7
15
7
8
9
1
27
12
15
12
4
10
7
4
10
24
7
21
4
3
6
4
11
7
4
11
9
11
10
12
10
9
6
4
7
5
6
9
9
4
7
5
6
10
14
3
11
3
23
14
3
22
9
6
10
13
7
2
17
6
5
18
7
1
4
4
2
11
1
5
4
10
13
11
9
7
2
9
7
11
9
3
7
10
11
7
0
9
23
6
5
3
9
11
12
8
19
2
10
5
10
6
6
4
5
13
13
5
13
7
14
10
2
8
19
7
5
12
11
8
11
7
3
11
7
6
6
6
11
6
8
8
7
20
2
2
7
10
9
13
23
15
5
8
4
5
8
10
12
9
13
14
3
16
15
15
5
5
54
7
7
15
13
5
4
21
4
4
12
3
5
6
11
26
4
7
8
11
14
6
6
14
20
26
8
25
16
23
28
17
11
5
7
10
25
8
11
29
6
17
11
13
10
27
9
10
14
10
44
19
30
11
8
29
27
21
17
11
15
8
25
18
13
16
28
14
19
27
19
33
17
17
17
14
31
10
19
20
39
19
19
15
16
9
21
14
10
21
24
101
13
6
21
24
39
30
13
38
36
13
11
20
16
25
19
34
34
45
19
25
26
28
29
22
78
22
49
58
50
27
12
40
45
31
23
32
46
31
38
34
28
28
35
28
35
22
24
24
25
22
20
35
38
40
30
37
37
25
45
19
20
33
25
39
29
40
34
38
54
22
31
71
34
46
22
43
33
38
31
63
58
36
28
33
37
78
50
36
90
41
39
50
44
49
43
45
59
28
67
39
45
67
60
50
32
55
49
41
37
49
49
43
40
64
46
32
32
30
48
59
35
49
60
53
79
107
47
32
63
51
65
63
46
49
56
44
69
47
59
60
43
44
46
55
104
68
27
63
90
55
62
58
44
59
42
95
63
52
66
61
62
67
32
72
88
78
48
56
71
57
51
50
68
70
80
53
45
69
77
65
43
72
86
79
58
64
52
98
35
66
57
63
67
61
85
46
39
60
62
45
85
63
70
69
67
69
52
64
62
57
97
88
97
53
87
69
59
61
80
55
59
52
84
43
64
68
56
48
44
46
57
46
46
68
64
71
55
97
52
78
71
70
71
64
76
62
60
82
66
94
55
94
75
80
71
105
69
71
86
51
84
90
68
85
94
53
77
59
62
40
80
69
61
84
35
63
55
79
99
68
78
66
62
81
94
65
65
63
60
61
72
64
64
49
87
47
69
58
64
83
87
76
85
71
64
62
59
78
80
49
82
49
81
58
80
66
73
69
80
57
72
78
60
69
53
77
73
60
82
70
103
53
64
44
69
65
60
44
88
54
65
60
71
57
36
56
55
85
59
68
80
88
74
77
83
97
55
55
69
57
49
51
38
74
83
49
119
80
78
79
59
52
86
63
82
87
80
42
74
63
70
65
58
58
73
80
54
68
48
38
74
61
65
43
77
108
54
115
52
71
69
52
58
92
65
76
88
88
95
59
64
64
71
53
87
70
54
104
68
91
64
68
78
52
64
52
53
87
59
124
62
63
70
46
74
39
54
73
33
74
64
60
55
68
85
62
54
72
57
44
41
67
50
91
60
53
53
85
55
68
50
78
50
53
64
43
44
69
69
58
54
88
81
38
70
105
87
80
79
62
87
73
94
136
67
76
56
54
51
45
122
47
48
65
50
56
72
69
57
39
71
79
53
54
66
111
58
67
79
57
49
58
77
119
72
70
54
106
61
61
41
46
72
57
39
74
69
61
64
45
64
51
48
50
60
73
72
58
72
78
53
57
43
66
43
65
86
89
61
80
65
47
37
54
40
49
63
50
64
51
71
82
68
44
45
70
58
67
49
50
80
56
55
52
55
55
64
28
52
52
68
43
62
55
56
36
49
68
74
45
74
57
34
62
30
50
78
47
38
51
61
37
46
58
37
75
66
55
45
72
42
47
40
49
60
45
39
55
52
45
33
39
38
47
60
19
30
65
43
53
54
58
54
35
35
48
71
76
52
68
58
68
38
40
41
50
59
55
41
59
58
25
40
40
28
48
56
34
67
22
72
58
30
51
36
48
62
40
74
108
35
74
38
48
47
29
40
52
46
37
67
25
24
37
36
50
41
39
36
64
44
20
47
52
56
24
64
40
50
30
33
41
34
43
56
63
47
41
38
62
63
38
50
61
45
43
52
32
58
45
30
24
59
40
62
44
69
60
41
40
29
28
34
50
68
42
41
43
37
36
63
36
34
17
39
53
35
41
33
53
38
58
49
43
31
43
41
46
49
45
55
30
47
45
47
69
44
50
54
50
48
31
35
53
52
45
31
41
64
50
72
47
41
40
38
31
35
38
50
60
26
28
48
35
37
33
47
45
28
51
28
34
43
45
45
36
31
18
32
45
33
39
50
40
43
42
43
34
42
21
20
33
36
32
37
38
36
52
41
53
43
49
49
16
52
29
37
63
43
49
51
43
22
25
17
33
59
32
39
46
32
36
39
24
47
66
44
44
39
43
31
35
59
45
22
47
27
55
45
43
23
38
32
41
43
25
29
31
32
49
26
41
31
40
32
35
57
31
41
35
31
40
27
42
46
43
26
23
29
28
36
30
26
20
35
37
42
33
47
70
31
41
43
26
31
37
42
33
58
26
52
26
20
37
30
29
35
54
38
49
37
55
30
40
49
17
32
39
33
30
17
34
37
32
52
24
44
27
36
22
60
39
21
33
30
36
39
36
49
37
17
20
40
41
26
27
20
34
26
38
18
14
16
26
37
56
38
29
21
26
41
27
40
33
22
23
34
37
26
47
20
21
22
38
20
22
19
29
11
30
15
33
13
34
15
14
9
30
16
49
25
37
25
12
13
39
25
50
28
18
22
22
34
22
28
11
23
33
15
15
9
19
30
31
19
27
11
31
16
20
21
37
23
16
19
24
15
17
36
15
15
25
29
22
11
26
27
22
15
33
19
24
13
14
23
21
25
10
20
15
13
12
16
9
16
13
7
36
14
12
16
11
23
21
13
13
23
12
23
16
17
11
19
13
23
15
17
8
10
10
15
11
6
8
24
17
15
10
17
14
16
22
16
10
12
9
36
9
4
13
9
19
12
4
2
13
8
13
13
9
15
12
13
14
7
16
16
9
14
18
7
5
3
16
13
12
12
21
4
20
15
12
7
9
4
8
13
8
16
11
9
7
21
6
4
6
9
10
8
6
7
10
4
4
3
1
12
30
13
2
4
8
6
8
6
2
9
2
7
2
8
3
8
3
13
10
5
1
9
18
1
10
4
3
10
2
4
11
0
8
2
7
2
18
9
8
8
17
2
19
12
10
11
15
6
0
7
15
3
3
12
5
27
5
4
7
5
5
13
2
6
2
7
14
7
3
3
2
1
12
12
4
9
0
1
8
3
6
8
4
2
3
3
2
6
1
2
9
9
10
2
4
9
3
8
5
11
2
5
3
1
3
8
6
2
2
0
1
8
0
5
7
8
8
7
6
7
6
1
6
0
0
17
7
6
3
3
1
2
1
3
1
6
14
25
1
4
5
2
3
1
2
4
11
21
7
1
2
9
2
3
3
18
8
1
2
6
9
6
7
4
7
4
4
7
7
8
2
3
1
5
12
6
5
1
7
17
9
15
2
18
2
2
5
4
9
4
3
5
4
8
5
3
1
6
16
8
13
4
12
8
3
8
25
7
10
3
18
9
19
9
5
8
13
7
10
5
6
4
11
5
5
10
23
12
15
6
5
4
6
7
1
11
13
7
9
10
6
16
9
27
16
6
5
11
7
12
10
9
11
7
11
11
15
11
15
12
11
7
11
9
13
14
13
15
13
9
7
15
18
10
12
22
12
9
14
6
18
8
5
14
21
19
18
19
22
13
31
38
19
16
19
20
8
31
8
11
14
26
20
9
15
24
19
18
23
23
22
18
24
17
33
18
32
26
16
12
15
23
35
22
38
24
13
10
20
84
20
27
29
29
22
24
26
59
15
71
24
55
24
34
28
17
29
36
49
21
22
19
33
45
44
29
39
28
27
28
52
16
53
19
29
42
27
41
40
32
39
29
29
18
20
34
29
43
50
24
76
40
39
41
35
69
31
41
33
36
55
29
30
49
44
33
47
42
40
24
42
29
29
32
77
30
43
35
84
29
46
42
32
45
32
59
31
57
69
41
40
57
55
49
38
41
32
63
28
46
44
39
77
38
73
39
43
66
52
63
53
39
51
41
49
45
48
32
29
71
67
66
79
54
72
36
60
75
44
65
45
53
58
42
54
51
76
90
56
82
43
53
55
41
47
65
61
53
74
78
61
56
73
67
74
51
63
59
52
45
50
60
83
54
63
70
65
33
54
67
79
68
67
59
58
71
51
89
75
74
71
83
59
63
67
52
53
69
67
58
87
72
47
53
72
53
62
37
40
63
48
81
90
48
60
47
62
54
85
74
58
56
74
94
66
66
80
52
60
74
40
54
54
71
92
73
63
46
63
78
41
97
42
58
78
114
77
78
66
61
67
63
73
78
55
57
63
74
57
49
67
59
79
62
49
67
43
59
67
59
48
61
66
67
75
89
65
65
46
50
61
54
52
57
59
63
61
63
44
67
55
67
40
77
63
68
50
79
86
62
65
64
71
51
62
81
57
83
65
62
67
82
63
64
74
80
81
58
50
70
85
44
47
45
59
59
110
39
69
68
58
51
81
49
56
69
82
60
41
71
59
54
71
61
55
56
55
70
64
68
87
76
48
63
65
62
60
88
55
81
72
64
47
41
79
59
78
76
60
49
77
58
68
91
55
50
55
78
75
96
49
52
73
59
67
70
62
50
44
83
65
55
57
86
55
63
99
49
68
70
69
66
58
66
84
56
51
62
57
37
52
90
75
38
64
41
61
71
69
38
82
54
71
52
44
75
70
79
38
51
68
62
46
55
84
56
55
58
60
59
61
73
91
61
54
56
70
114
87
65
64
56
58
76
55
74
53
42
55
67
64
76
54
58
91
50
35
52
47
58
60
75
47
55
79
61
91
54
72
58
47
74
53
58
58
76
45
55
68
55
54
73
66
61
60
52
73
46
67
77
60
62
57
80
52
53
57
55
57
40
55
39
82
66
60
108
58
62
63
59
41
59
70
57
75
49
55
42
68
52
63
26
46
67
28
30
58
50
45
40
87
65
65
51
57
41
64
64
65
50
36
53
40
35
67
44
50
50
31
52
51
42
70
62
38
35
46
46
46
52
31
36
33
60
34
57
68
57
66
43
37
35
65
74
38
44
48
38
85
82
51
45
51
44
50
39
49
35
44
32
35
36
62
42
51
38
26
37
39
47
54
14
55
40
42
52
39
44
63
60
36
22
23
38
52
35
58
38
42
56
35
62
29
25
41
44
63
77
44
47
28
33
31
56
37
51
36
55
66
48
35
43
53
40
49
53
36
37
44
49
30
50
97
63
42
26
65
52
32
62
54
47
51
39
59
33
51
46
44
49
38
38
51
33
41
58
60
44
37
42
38
45
32
29
37
39
62
66
46
47
49
120
55
37
25
49
42
37
26
34
89
45
37
27
45
47
47
64
40
32
43
39
56
45
46
34
38
57
59
36
71
35
37
30
37
49
36
46
48
34
41
51
33
68
33
35
25
37
26
24
33
22
45
49
44
30
50
43
44
42
49
45
41
28
45
27
40
39
49
26
50
39
31
38
58
30
42
39
27
57
31
42
40
37
27
34
32
47
48
22
57
33
50
44
42
34
43
27
57
50
39
36
22
46
26
37
46
40
46
42
46
32
43
48
29
50
23
29
55
26
27
35
30
29
33
43
57
28
31
22
40
44
32
30
34
29
49
59
36
31
59
51
22
45
38
32
24
54
27
40
23
24
41
22
28
38
27
43
48
29
26
30
33
51
22
26
49
39
41
29
34
43
21
29
24
18
23
33
41
63
65
25
25
20
28
36
26
17
16
29
30
43
32
29
43
61
34
29
11
30
29
28
26
9
30
20
34
32
19
15
19
34
21
38
39
25
20
33
27
27
31
36
47
14
22
49
34
28
17
30
24
20
29
30
17
30
28
22
22
15
27
22
44
25
40
19
17
27
15
31
45
12
28
17
2
18
23
20
17
11
27
20
21
14
19
33
25
17
32
24
29
29
11
28
19
20
21
24
22
4
16
25
26
26
22
21
28
16
12
28
15
22
20
17
18
14
20
17
20
15
23
35
28
11
12
10
21
10
22
36
18
17
18
17
23
17
45
29
9
18
22
52
41
28
14
18
10
17
7
14
23
8
15
15
20
20
4
19
16
11
8
16
11
13
5
8
9
22
28
21
12
10
13
19
8
12
13
6
15
20
4
24
2
6
8
11
13
11
10
10
11
11
3
12
12
5
3
6
10
9
18
5
9
10
28
32
13
10
9
18
10
21
10
10
10
12
26
4
10
7
11
13
7
8
7
10
9
17
13
7
1
6
7
7
3
6
5
47
18
2
8
18
9
25
3
14
4
12
10
3
6
7
12
2
8
10
9
5
9
3
3
4
6
11
6
17
7
1
2
4
6
4
19
9
6
12
4
3
3
9
4
2
2
14
2
4
5
4
27
1
12
1
7
2
6
3
9
5
12
1
14
13
2
3
5
4
9
4
6
6
3
7
17
9
1
20
2
3
10
4
2
5
5
2
19
0
3
5
8
4
1
10
15
4
0
9
1
18
14
6
4
5
5
5
5
1
1
15
6
2
11
1
9
2
7
2
7
2
1
5
2
2
6
4
6
7
3
10
7
5
0
9
1
10
3
14
6
1
2
19
5
9
5
10
6
1
4
2
7
5
3
0
7
3
4
4
8
8
1
8
6
9
0
4
6
1
1
3
2
2
9
11
0
6
10
6
4
2
5
3
5
3
0
8
5
2
4
2
8
6
14
4
1
2
5
3
4
8
6
2
3
1
7
11
7
2
5
8
12
14
6
3
5
6
4
10
9
8
5
16
5
5
3
11
5
7
6
3
1
16
5
7
12
34
7
3
11
3
7
3
2
10
6
14
7
6
6
15
6
1
4
4
13
6
17
7
5
13
5
10
9
8
9
16
7
10
9
14
8
16
11
7
9
2
8
7
19
21
6
5
14
14
9
10
13
14
14
28
18
12
22
19
9
10
12
20
13
15
26
9
15
15
21
12
4
26
6
7
14
20
14
12
23
21
17
25
17
17
27
30
5
16
22
22
26
16
18
24
16
27
21
28
28
18
25
16
12
28
20
17
20
22
28
15
25
19
20
35
19
24
25
35
16
18
37
25
20
22
34
31
34
37
19
32
24
29
32
47
21
31
58
25
21
36
63
44
42
48
30
35
45
36
44
31
38
45
35
30
38
36
33
53
22
39
48
22
35
38
47
43
32
42
28
28
23
38
49
54
51
38
36
48
29
62
50
27
54
38
38
66
45
37
108
41
42
46
40
42
38
79
69
65
40
27
40
49
32
40
46
34
24
50
48
39
49
49
42
61
87
55
51
55
43
63
60
54
47
44
55
54
30
58
37
55
51
50
31
73
40
37
52
64
28
44
57
57
39
47
40
65
35
36
51
75
41
54
54
61
69
58
57
50
62
66
56
52
42
64
51
68
70
51
36
83
73
56
63
40
42
54
56
43
51
66
49
51
56
55
53
70
55
66
66
63
41
61
66
34
61
47
37
64
54
64
44
66
72
69
57
38
78
56
62
53
78
72
47
47
75
109
33
67
71
44
54
44
61
116
41
61
39
44
57
42
52
57
76
71
90
72
68
57
50
53
59
52
66
56
52
81
63
80
62
65
78
44
54
49
59
44
45
46
88
56
52
60
48
59
44
55
67
43
43
64
73
71
43
63
60
40
86
58
60
46
71
54
56
77
74
62
43
61
49
45
50
69
84
67
83
41
70
40
48
57
47
76
56
43
77
45
72
70
81
62
74
63
45
45
59
45
53
54
47
64
47
73
62
62
77
58
53
94
95
78
54
56
66
65
48
80
69
49
68
48
54
72
31
90
82
67
68
55
69
63
62
79
71
68
69
63
70
88
62
59
70
76
53
83
64
70
61
56
65
81
77
59
52
62
44
118
76
70
44
71
54
67
45
84
89
93
37
39
65
66
46
45
50
86
62
109
78
68
91
50
60
76
48
61
91
53
64
59
65
52
43
51
63
48
53
41
42
40
154
51
58
64
77
71
95
70
42
58
72
64
46
54
40
52
76
51
71
46
96
54
65
52
55
45
55
45
75
103
57
50
85
59
42
84
54
59
46
153
78
113
87
79
51
52
46
53
64
70
59
48
77
55
52
47
55
71
76
44
33
50
60
76
50
39
73
108
46
72
51
56
62
52
69
56
56
59
55
95
56
67
50
39
32
84
51
61
59
54
58
66
45
61
61
61
52
62
68
43
68
61
52
41
36
53
56
51
67
42
48
45
47
52
52
44
61
65
56
48
58
65
47
39
42
35
83
51
49
45
39
46
32
57
57
43
48
46
35
47
54
72
41
58
63
27
47
53
93
40
34
54
35
46
45
48
52
54
32
51
43
65
55
41
48
79
52
56
76
45
63
58
44
30
56
45
57
46
26
35
61
72
32
53
55
40
71
51
45
30
51
34
36
87
45
48
46
43
53
52
57
67
48
71
41
29
45
26
55
38
46
43
33
42
66
49
51
37
50
31
50
43
34
69
55
60
59
36
47
53
30
26
45
53
47
33
37
23
46
31
62
64
44
47
45
35
58
48
49
25
59
32
37
49
56
40
31
63
51
32
44
37
37
47
44
51
35
37
42
41
48
38
57
46
41
25
37
54
48
57
48
47
36
41
39
51
45
31
50
44
41
89
51
52
50
33
51
11
67
40
54
40
46
65
44
42
44
28
42
49
76
50
43
54
39
38
39
37
64
45
45
70
39
36
59
44
26
44
44
68
27
19
41
49
36
74
72
47
60
53
32
50
49
41
34
50
27
38
35
42
36
54
39
84
50
26
62
45
54
41
53
53
65
35
37
33
40
49
36
24
37
65
44
48
51
35
44
35
32
36
36
39
33
41
31
35
33
22
55
31
33
42
32
39
42
40
47
58
29
49
57
67
48
51
58
45
45
42
49
32
46
51
55
52
45
36
22
56
38
24
43
22
29
33
43
24
45
36
30
40
29
28
52
30
33
24
31
38
18
43
47
22
46
63
48
29
27
35
17
34
37
26
36
47
31
38
27
36
38
43
17
56
24
28
32
30
27
60
38
27
24
49
49
30
48
25
22
24
23
28
36
29
42
25
34
40
27
28
16
25
27
31
24
18
18
29
42
29
23
41
31
22
24
30
18
26
16
14
33
20
27
20
22
36
10
31
30
15
34
18
34
21
28
11
21
24
11
29
15
16
27
17
19
19
42
17
23
20
22
17
25
22
6
27
22
31
23
19
20
32
19
22
18
24
21
26
16
14
24
10
33
25
18
20
16
11
15
14
12
14
18
13
10
24
32
14
10
17
22
19
13
14
11
12
9
36
13
9
23
13
20
21
11
17
10
15
6
5
14
18
11
26
14
27
17
9
15
21
8
12
9
5
5
2
7
4
22
14
15
22
6
12
6
7
7
13
11
5
8
10
13
6
3
11
6
6
10
8
8
3
6
3
6
7
6
5
6
7
5
29
14
5
2
11
5
4
6
10
12
15
35
3
6
3
2
28
16
5
16
10
23
10
6
32
17
8
12
6
8
7
3
9
12
6
20
13
4
5
9
18
4
14
5
10
21
2
2
6
10
7
8
7
8
3
7
8
5
12
2
8
4
4
3
6
6
6
5
1
3
0
3
3
6
3
5
19
6
1
3
7
2
1
3
7
5
0
13
8
4
15
9
4
6
1
29
6
7
2
9
3
3
3
3
3
2
4
7
10
9
2
6
4
4
13
4
9
2
0
3
4
5
11
1
3
2
7
1
16
12
1
6
1
0
5
2
4
2
10
8
4
2
11
4
11
3
1
4
10
6
5
7
2
3
5
4
2
5
6
7
15
3
6
3
8
1
2
1
6
3
0
3
3
3
1
8
6
5
15
9
4
5
13
19
2
1
15
4
13
14
9
3
6
9
1
3
6
7
22
3
7
14
13
5
9
3
10
3
9
2
4
3
3
3
9
14
5
8
7
4
16
14
6
17
3
5
5
8
18
14
7
13
3
4
18
5
1
13
14
13
9
11
14
6
11
3
11
5
4
8
19
8
13
29
17
26
7
14
14
8
10
11
3
5
5
11
9
16
11
3
17
17
6
9
4
12
11
15
6
23
13
20
9
4
7
1
15
12
9
9
33
17
24
15
12
20
12
6
7
10
26
29
14
20
20
12
8
18
18
9
15
12
8
15
8
6
11
36
12
24
16
28
24
18
18
10
33
20
27
15
21
11
16
10
16
11
22
23
17
14
24
46
10
24
21
19
18
14
17
22
41
11
24
18
25
11
19
28
12
21
20
33
29
17
38
20
26
27
20
22
28
11
21
22
29
25
23
28
18
16
38
19
25
20
29
28
25
24
34
33
31
35
26
39
33
48
20
37
26
24
29
28
60
36
26
36
34
26
34
37
11
44
39
48
26
36
38
43
36
37
55
44
43
32
47
25
33
36
50
42
42
37
38
47
38
31
33
47
29
50
46
54
64
54
40
35
45
55
48
27
63
58
45
38
59
48
37
92
48
45
46
37
47
27
60
29
46
54
37
36
41
55
36
45
47
52
41
59
48
56
42
57
50
49
44
72
44
66
55
53
46
60
32
34
60
55
34
45
61
53
49
65
57
81
52
59
65
49
33
60
60
87
69
77
55
83
60
55
54
63
126
51
41
42
43
30
37
74
55
80
54
104
65
52
51
67
58
68
55
65
42
54
52
53
67
60
55
37
60
22
52
65
56
51
29
66
69
45
48
60
47
50
58
63
70
51
50
55
56
40
48
42
52
44
88
71
73
57
51
45
48
58
38
65
51
52
46
57
55
57
58
99
76
51
64
72
65
87
73
50
47
84
63
47
42
55
41
68
56
67
41
54
78
61
37
63
70
85
40
56
82
62
60
40
44
53
51
62
76
41
62
54
63
36
49
52
74
50
46
52
46
51
63
50
40
62
45
52
62
53
77
59
68
42
55
80
50
60
70
48
60
60
56
73
75
63
74
69
42
57
49
58
40
70
61
63
54
50
64
38
40
35
51
44
53
43
72
42
74
56
48
67
70
74
62
44
61
59
63
110
31
82
62
58
67
72
66
53
91
75
77
52
53
49
53
46
69
57
74
35
51
102
65
77
99
37
37
34
50
48
60
115
102
77
45
42
48
60
46
54
98
61
68
81
55
40
39
57
64
50
58
117
51
47
41
62
80
29
43
50
59
55
61
26
59
91
49
45
49
61
46
62
47
52
56
46
47
56
46
50
83
66
45
55
81
30
42
58
66
43
70
46
38
57
81
41
34
64
55
61
41
40
49
78
74
51
58
60
83
62
65
59
87
47
47
61
73
42
45
50
54
59
53
69
47
40
97
39
62
61
38
67
87
44
46
56
39
50
71
71
35
44
43
87
51
55
61
41
44
41
57
90
21
58
51
38
49
83
59
43
50
47
54
44
41
48
43
68
24
63
71
49
59
45
44
32
65
55
53
34
62
63
52
53
43
35
54
46
72
39
52
43
77
48
40
57
50
38
45
60
63
44
47
64
45
53
39
56
65
27
63
27
32
41
55
55
51
26
38
27
39
50
43
41
34
48
43
66
54
54
53
78
37
41
33
47
41
53
49
24
33
33
38
39
37
38
50
43
69
40
30
47
43
75
15
53
25
35
36
49
61
62
74
36
49
40
40
27
64
39
37
53
50
59
45
32
58
65
43
30
31
54
31
38
49
39
33
48
39
35
31
26
42
36
40
39
52
42
30
65
52
70
37
32
38
57
40
44
43
57
72
34
34
52
62
65
37
80
37
52
41
40
44
47
33
55
61
43
40
39
39
50
52
37
52
105
46
57
61
49
58
35
30
46
40
55
32
38
39
32
39
51
50
43
31
42
32
42
61
66
55
47
46
47
22
86
37
35
53
65
47
45
72
44
52
37
31
47
38
41
53
48
39
54
42
36
67
56
75
53
47
62
39
37
40
30
40
48
75
69
44
40
62
35
76
46
65
41
50
23
67
44
79
54
54
41
49
38
65
28
60
47
43
41
38
54
65
48
45
73
57
59
42
41
66
50
50
42
54
38
44
62
49
51
35
62
39
47
64
53
30
41
53
59
47
44
57
32
32
52
39
41
37
77
48
30
49
53
44
44
61
55
64
41
25
50
58
39
50
29
54
32
47
46
50
39
53
37
31
44
52
26
77
46
46
34
29
52
34
31
58
46
35
39
41
52
24
27
33
56
40
38
40
40
35
36
36
27
34
43
46
42
54
31
49
42
41
54
30
38
46
44
20
60
26
55
30
39
38
41
36
16
33
56
28
59
38
29
35
19
42
54
22
46
10
38
48
66
29
33
24
43
24
42
30
28
21
39
26
42
36
37
35
41
35
75
20
19
63
29
55
38
33
15
34
18
47
46
31
13
47
23
32
28
15
30
8
25
18
27
20
20
21
34
15
12
14
37
22
19
15
20
23
9
56
15
43
36
17
18
34
19
22
21
22
18
29
18
11
28
48
19
19
21
17
17
25
12
26
8
21
10
18
36
28
19
5
16
24
22
9
16
16
19
9
9
21
11
24
40
39
13
16
17
3
9
15
18
17
28
17
19
15
22
26
9
9
16
12
20
3
9
13
15
10
14
17
11
23
16
10
32
5
17
31
21
30
19
10
9
18
15
12
7
8
9
8
8
9
22
17
15
12
11
31
13
0
5
13
4
8
23
5
13
17
16
4
6
6
59
3
9
22
11
6
17
12
7
6
16
15
17
3
8
8
11
7
21
2
11
2
30
7
38
5
20
9
8
7
5
12
6
14
11
6
7
5
8
4
7
5
8
9
19
10
10
12
13
10
19
6
6
9
9
10
5
1
10
6
5
2
3
0
47
5
6
2
20
13
0
1
2
13
5
8
7
2
4
11
3
16
17
6
8
5
3
4
7
0
10
6
6
2
10
4
2
17
20
1
6
5
7
4
3
7
6
2
5
7
20
2
8
6
10
23
0
2
3
14
9
1
5
5
7
4
3
5
15
3
15
8
6
0
6
6
2
3
5
6
11
4
6
8
4
2
2
5
2
5
1
3
2
4
3
5
8
1
7
4
9
1
6
7
10
15
3
6
9
10
2
12
8
11
2
3
7
0
1
5
6
4
2
0
28
5
0
6
12
5
8
3
7
1
7
4
10
9
10
14
8
0
16
1
23
17
10
4
5
11
5
5
4
1
8
7
4
18
12
7
22
19
6
8
13
14
4
9
9
8
7
10
17
24
12
18
9
10
12
2
19
6
7
2
10
8
10
15
21
9
6
4
12
8
2
23
8
7
12
10
7
13
14
18
15
4
21
17
3
5
4
6
20
16
13
8
25
9
22
17
3
18
8
7
9
14
15
14
23
24
16
22
16
18
3
33
18
35
16
29
17
32
15
21
9
19
37
21
28
14
22
16
26
12
29
14
38
26
15
10
19
12
40
7
27
14
2
20
20
14
11
34
10
14
22
19
19
72
21
26
19
37
29
19
16
18
50
29
16
24
28
31
40
40
13
18
21
30
44
36
66
32
36
13
30
17
30
21
30
27
19
16
32
22
28
30
44
24
72
12
24
43
44
41
25
26
39
50
30
28
31
42
58
14
29
70
19
24
42
42
32
35
19
38
39
41
35
39
47
75
59
71
20
42
43
53
102
30
56
39
139
28
45
27
53
42
35
21
42
28
44
52
53
43
38
35
34
64
37
83
48
39
26
89
32
41
33
93
47
69
35
51
30
42
132
78
41
54
37
78
30
50
41
72
34
33
44
64
34
66
59
84
46
68
82
34
60
71
45
50
40
50
22
39
57
76
35
70
54
61
52
29
44
58
41
51
66
48
52
65
41
56
84
61
81
49
32
58
71
69
68
81
56
27
58
69
57
47
58
74
59
41
57
35
68
61
97
44
59
37
48
82
86
58
57
47
73
84
55
38
61
54
49
52
89
61
57
42
109
78
52
100
47
58
70
50
70
47
44
54
59
58
41
46
40
75
71
67
57
64
83
69
119
62
51
63
67
77
86
56
44
71
55
44
93
62
72
37
31
41
61
43
78
98
71
63
78
107
59
68
43
92
51
85
59
59
62
79
77
58
67
41
72
56
73
62
81
48
43
48
63
41
71
53
49
47
66
66
78
58
71
66
42
72
43
83
40
86
71
67
62
64
75
84
83
101
68
63
72
52
46
40
88
53
54
52
64
60
82
77
112
62
48
59
81
56
102
53
47
66
83
61
77
70
75
70
68
61
60
69
69
46
84
79
69
62
65
107
71
99
84
59
65
75
72
68
60
49
85
53
52
102
92
65
76
63
83
89
70
40
55
76
69
65
66
54
70
91
63
75
75
100
78
45
61
70
49
64
132
81
66
83
96
71
60
63
46
53
64
73
79
97
78
65
71
71
61
55
59
76
68
36
73
55
57
45
62
47
63
84
62
87
70
48
77
59
44
72
73
46
54
93
65
70
67
81
112
83
61
53
104
84
69
94
49
65
102
87
48
79
65
56
78
76
127
79
81
108
64
100
106
69
58
108
90
69
45
56
59
49
87
103
84
77
94
52
80
107
53
94
55
96
62
77
120
70
54
99
67
65
64
107
137
91
68
134
92
105
94
95
45
58
50
70
80
52
127
94
89
129
95
104
152
134
163
137
144
103
135
155
105
157
157
120
150
146
96
192
73
102
149
179
77
120
47
123
119
85
103
114
109
136
73
114
97
153
50
89
85
128
146
137
150
140
183
140
158
138
188
94
110
138
110
236
129
95
181
103
186
132
163
156
168
178
169
143
130
181
138
118
127
195
129
194
151
182
199
214
160
130
99
157
168
189
102
184
154
216
267
159
154
207
152
148
169
129
106
209
181
156
147
114
127
129
122
193
203
283
238
181
102
141
239
159
242
167
237
202
162
135
178
200
181
155
104
169
191
195
224
203
155
201
131
161
244
125
172
119
160
132
135
127
147
191
146
114
295
175
142
143
132
224
152
111
244
120
197
114
119
238
277
178
178
195
159
154
186
158
145
191
178
155
176
111
214
133
178
154
170
141
151
151
202
288
191
299
230
257
220
229
240
268
176
134
162
179
190
258
173
173
204
169
193
124
285
129
181
259
241
243
226
220
151
202
221
165
198
222
212
245
216
123
173
201
238
201
229
113
274
231
168
156
163
187
234
214
162
194
184
167
158
136
202
149
173
236
159
167
201
136
175
106
208
140
195
103
163
129
168
151
149
141
87
101
92
171
125
144
125
137
222
106
117
103
148
137
118
138
137
146
128
137
163
94
124
87
157
178
134
120
174
100
160
100
80
140
70
154
133
111
63
69
131
107
177
104
184
168
82
72
104
131
78
67
69
63
159
55
144
53
151
185
53
118
123
173
151
107
123
147
88
160
75
108
91
133
111
102
126
120
171
104
190
197
157
212
104
170
129
143
150
162
215
119
89
153
161
198
121
129
136
78
157
167
202
143
155
96
114
130
120
102
142
94
123
129
99
118
128
126
76
141
131
123
85
153
66
164
102
86
107
85
103
157
133
70
51
82
154
102
106
149
98
78
94
128
73
128
137
85
92
65
162
80
101
127
162
65
73
64
116
123
67
80
123
81
127
77
51
98
37
129
54
138
116
85
68
74
111
88
57
77
45
79
46
67
53
76
102
52
78
61
50
50
72
75
84
74
65
30
83
39
58
48
63
39
82
45
35
56
33
52
112
27
36
26
61
79
93
74
56
59
28
103
99
52
29
63
26
53
58
41
41
35
30
32
41
25
33
77
24
43
43
33
80
49
32
54
37
17
65
35
46
70
29
40
22
27
47
36
79
24
42
38
53
24
55
73
39
32
47
82
36
61
38
71
53
60
25
64
68
54
58
86
27
69
65
37
39
47
17
80
12
48
47
107
40
33
64
74
38
35
63
55
80
29
60
51
35
26
61
23
45
52
36
45
41
19
38
3
22
11
13
10
13
11
10
6
2
26
18
5
6
11
6
13
12
12
10
12
19
3
5
10
30
5
6
14
23
18
23
7
0
6
26
6
4
5
12
6
20
19
9
24
10
12
5
13
6
10
22
45
11
9
8
9
1
8
21
15
2
4
0
6
9
17
16
2
17
12
3
3
11
12
3
14
10
6
18
7
8
8
4
11
6
4
16
21
7
5
4
2
12
5
12
9
6
4
13
20
8
6
2
4
8
5
6
3
4
7
3
13
5
6
1
4
8
2
1
7
9
7
4
6
1
4
6
0
8
0
5
7
1
4
5
4
8
3
7
5
4
0
1
6
3
7
7
4
7
3
7
4
8
9
5
2
2
7
5
2
5
5
3
7
6
36
2
2
2
2
4
4
3
4
6
3
10
3
1
11
4
5
9
6
5
1
6
7
5
6
2
1
3
1
3
3
3
10
10
4
6
14
2
3
4
3
15
4
30
16
10
8
4
4
4
6
6
20
7
4
22
3
2
13
9
9
15
5
5
17
2
7
4
13
2
7
6
2
4
11
3
10
5
12
2
9
8
11
4
9
14
9
12
4
15
1
11
7
6
1
7
21
12
12
2
5
2
10
6
24
25
14
16
12
5
9
3
12
9
12
6
29
8
15
25
25
13
4
7
6
23
12
13
7
6
16
29
11
18
10
9
17
12
12
21
24
21
18
34
15
33
17
19
31
24
24
12
24
23
33
23
15
14
14
8
16
4
12
31
18
9
5
19
13
11
24
17
15
31
12
22
32
13
18
16
11
14
21
24
27
22
17
8
20
13
34
34
23
22
17
25
20
48
48
7
31
21
11
21
14
26
40
27
26
17
48
13
12
29
15
76
26
13
10
30
27
33
18
44
27
31
30
34
17
33
28
19
36
23
23
41
17
32
30
21
28
31
29
31
23
32
89
31
27
67
43
37
47
36
64
51
48
49
38
36
54
29
48
41
53
31
39
46
29
28
27
60
47
30
19
32
32
35
54
43
28
47
33
35
39
38
26
62
55
43
33
70
47
48
42
25
48
45
57
46
34
29
60
76
40
96
30
87
48
42
60
42
47
54
37
37
42
66
80
45
61
25
42
68
72
51
47
72
67
49
36
53
48
32
44
62
33
61
59
61
43
77
48
30
52
48
36
45
54
47
43
37
41
50
45
77
47
36
73
33
44
32
50
67
53
51
76
46
61
66
46
172
55
41
70
29
48
42
44
84
32
81
68
41
39
43
72
45
46
38
41
51
43
57
49
66
88
50
51
52
73
61
55
57
45
72
66
36
49
71
38
43
41
76
50
65
38
65
64
141
61
47
50
78
55
51
52
48
72
87
49
42
52
34
39
71
55
51
47
31
55
77
53
51
52
61
26
52
55
51
37
84
49
47
46
46
49
58
80
45
72
54
42
94
56
53
57
57
53
56
45
44
65
63
50
94
92
34
53
52
62
35
122
34
74
32
47
118
67
70
60
46
53
62
70
58
32
36
77
82
48
48
50
57
42
60
42
84
57
42
59
55
93
50
44
81
53
61
59
98
49
40
53
65
70
77
46
55
53
53
84
60
45
46
49
50
89
60
62
72
39
68
78
42
46
64
57
71
75
81
61
96
66
50
29
51
33
34
64
73
58
45
41
47
74
63
112
79
52
76
47
48
92
60
53
79
82
49
51
36
79
95
54
51
49
96
57
42
65
73
60
74
86
50
57
55
50
22
20
25
11
19
6
5
4
4
4
4
14
1
3
1
3
4
6
25
21
45
52
52
65
47
49
68
27
81
48
95
76
63
60
50
62
57
47
54
60
98
56
59
54
71
51
49
54
60
46
46
48
53
60
57
57
56
76
76
49
63
53
54
55
58
61
39
50
53
56
56
43
49
53
49
33
53
60
49
46
61
95
40
43
38
70
37
42
53
31
58
50
50
53
60
53
45
52
64
54
44
43
43
42
44
48
64
57
67
66
94
60
31
52
38
41
37
61
29
59
48
51
61
60
34
32
61
56
74
71
49
40
33
51
45
46
36
62
45
68
39
53
43
101
46
84
50
67
37
31
64
60
46
44
34
64
38
38
54
49
44
73
53
43
56
34
48
53
38
39
68
44
31
36
73
54
37
56
44
61
35
66
76
49
44
56
33
82
36
71
54
55
53
22
44
24
45
35
50
62
23
49
61
29
47
40
30
42
45
73
36
45
34
57
42
36
36
53
52
35
39
65
38
33
91
50
26
54
51
68
26
55
40
44
56
76
26
27
32
25
46
63
43
42
34
34
37
37
43
36
35
23
51
62
27
45
33
51
62
77
27
41
41
34
45
43
72
50
55
59
38
61
54
37
57
33
29
49
54
49
36
38
42
83
31
42
37
49
58
32
57
31
30
29
79
41
28
42
45
34
34
43
44
29
52
50
56
31
34
47
43
44
32
34
36
43
50
39
68
73
42
37
29
43
49
48
48
42
43
31
36
74
36
94
43
40
27
57
69
57
34
63
28
44
31
36
56
46
78
53
57
87
63
68
98
47
40
56
44
45
72
25
46
47
30
42
27
28
47
33
26
54
37
22
49
61
91
59
42
40
25
34
59
84
69
84
53
36
52
34
78
48
27
46
36
47
70
39
44
40
48
34
55
32
43
32
57
41
44
37
44
50
34
24
58
45
35
50
37
38
49
47
69
51
27
56
43
49
55
40
50
26
37
39
30
64
66
47
57
26
55
84
32
26
37
71
54
49
32
75
30
55
33
54
41
48
49
38
43
51
28
54
24
31
48
37
16
25
45
19
49
69
26
35
19
20
33
69
28
38
58
37
45
40
47
57
61
27
36
40
49
26
32
43
30
25
55
36
28
38
29
49
34
30
18
30
40
31
29
36
39
30
37
33
36
44
23
28
36
27
27
18
16
26
42
25
19
15
15
34
24
53
21
23
50
21
31
76
35
20
38
23
20
51
16
30
62
29
8
25
16
13
10
35
37
26
13
12
24
18
36
33
28
42
30
22
20
25
17
27
19
21
11
20
19
25
34
17
26
27
16
17
34
24
28
13
18
20
21
60
13
13
47
19
37
12
24
41
13
32
28
18
11
10
24
19
19
20
14
10
19
26
10
16
16
11
12
21
11
18
13
9
32
21
19
43
20
10
10
21
9
12
24
16
16
2
7
21
15
16
19
7
16
17
20
11
25
37
14
6
25
3
18
11
22
24
23
16
27
35
20
7
11
16
5
10
20
12
7
16
12
18
26
19
26
9
19
19
10
16
12
7
11
26
11
19
8
19
10
10
4
31
5
8
10
8
21
14
36
6
6
15
4
5
3
3
5
6
9
24
12
9
14
11
3
9
26
5
34
1
10
18
5
9
5
2
3
11
20
0
8
15
5
13
4
11
7
6
11
6
16
3
6
3
10
16
10
6
2
11
8
16
9
10
17
8
4
3
9
14
9
7
5
5
1
11
14
3
6
8
2
9
4
17
3
9
1
3
5
2
13
3
4
2
4
8
2
4
4
17
5
8
5
5
12
9
3
12
10
7
7
8
67
6
0
4
1
2
16
4
5
9
6
3
4
2
5
3
3
4
4
4
8
15
8
4
3
1
4
8
5
1
3
9
0
7
4
5
12
6
4
6
10
8
3
5
6
4
5
5
8
4
9
8
14
4
4
2
4
10
3
13
7
2
12
15
2
6
9
6
7
4
7
5
8
17
4
5
8
10
3
16
9
10
7
7
9
8
4
2
25
27
2
8
14
8
4
5
4
5
9
15
10
14
8
5
5
7
7
8
11
9
3
9
12
7
5
11
12
18
5
7
9
10
10
6
8
6
11
22
12
6
17
12
14
16
3
13
6
10
19
6
13
12
6
7
7
10
7
17
8
16
6
17
16
13
13
9
47
15
13
9
6
16
13
11
11
15
14
7
8
18
7
18
15
12
17
18
17
22
14
17
17
13
22
11
9
13
13
21
16
17
36
6
15
21
19
17
12
19
12
19
20
22
19
28
27
51
17
29
19
13
19
12
15
16
16
25
33
28
31
15
35
28
26
18
33
19
18
37
4
23
48
21
26
21
24
31
25
21
31
18
38
14
16
28
30
19
17
21
26
29
47
83
25
39
72
24
29
23
30
31
44
22
20
23
30
39
33
35
19
24
37
34
20
36
56
39
29
30
33
44
23
29
63
33
86
43
39
35
30
62
33
32
32
30
43
31
28
46
67
31
47
51
36
34
35
87
50
43
57
42
40
50
34
37
44
77
53
46
30
45
39
39
42
53
48
57
59
42
44
44
45
43
28
58
72
41
42
61
44
32
63
46
69
50
56
54
65
43
44
71
33
39
34
45
40
59
56
60
38
54
37
44
56
64
42
54
39
70
48
95
47
34
80
40
74
66
77
48
71
42
69
51
67
51
65
70
60
67
64
88
54
24
50
98
82
30
59
42
54
43
77
61
55
61
84
39
101
59
40
45
68
54
68
39
47
45
59
60
60
79
60
77
72
44
35
86
50
82
60
43
76
60
81
66
65
73
42
47
69
45
85
67
66
50
72
70
60
71
52
79
52
44
77
47
58
38
43
88
81
80
44
49
72
61
53
76
81
57
41
52
38
62
54
65
72
63
76
70
87
62
59
59
60
77
42
53
87
56
71
73
81
84
61
50
56
64
53
60
70
71
45
48
63
44
62
66
89
87
64
55
73
74
81
91
53
52
61
91
62
45
71
54
42
44
68
82
94
65
50
80
73
116
88
84
66
62
37
114
49
44
52
65
56
82
70
56
84
61
56
49
96
53
64
74
59
68
44
156
42
95
66
54
82
78
70
50
64
53
80
47
63
56
65
72
33
58
79
54
53
92
94
46
59
73
51
45
57
66
49
75
74
42
70
48
90
48
57
62
64
50
37
57
119
44
63
59
76
62
69
76
65
50
116
73
63
45
75
62
41
99
75
47
52
87
66
109
89
55
54
74
55
76
77
78
72
59
66
38
45
61
55
52
73
42
59
57
96
68
78
155
72
51
50
51
62
60
81
63
53
65
81
82
93
60
52
60
50
54
50
62
56
78
42
61
69
72
46
66
56
73
57
98
43
86
87
59
55
64
56
80
64
42
69
57
54
71
65
78
76
51
25
56
50
72
38
51
47
67
38
61
45
51
63
46
61
54
69
80
50
51
52
29
56
46
63
68
75
58
43
45
44
65
50
40
48
46
62
62
45
47
76
44
56
30
29
55
43
28
37
74
44
40
51
39
41
57
34
49
32
35
25
67
50
32
90
33
58
62
58
75
53
66
66
40
86
47
59
61
47
62
34
48
27
36
33
54
43
27
61
58
64
33
52
84
41
61
41
54
62
51
37
60
63
31
48
75
31
43
53
49
54
61
31
35
43
68
47
42
56
40
44
53
45
39
37
43
62
36
63
47
58
65
25
33
51
29
39
91
25
37
44
46
30
65
33
36
43
52
44
31
47
26
57
59
69
37
39
40
49
43
49
42
44
55
40
47
86
55
49
47
34
85
36
32
51
80
53
38
39
38
63
47
32
33
37
26
39
43
42
42
36
35
52
58
44
55
27
44
52
42
32
36
101
36
42
30
45
50
76
38
63
43
47
38
57
42
42
36
60
47
36
45
31
35
59
62
64
37
33
46
59
31
24
47
29
57
43
30
58
50
40
51
46
49
40
36
52
42
31
48
58
31
67
38
29
48
47
43
42
43
49
39
37
46
26
48
54
48
44
34
42
52
35
36
44
36
43
50
28
52
63
90
38
33
46
23
42
33
39
33
48
60
41
44
44
31
49
40
40
51
40
47
57
48
88
46
34
33
86
39
37
20
49
71
26
34
48
60
53
66
41
44
57
41
53
49
31
51
31
36
29
36
31
73
46
48
50
31
49
63
60
59
46
27
63
37
42
38
40
31
36
52
27
54
29
31
30
67
73
39
39
38
45
45
42
47
41
57
32
59
32
63
46
52
49
55
30
25
23
47
54
43
50
60
88
40
38
30
33
47
49
46
34
35
31
77
26
66
54
34
36
45
44
66
59
29
73
40
46
37
49
42
42
50
41
23
30
53
33
26
38
35
30
46
32
46
30
37
27
27
25
37
32
38
42
51
18
66
24
34
36
29
43
50
58
40
9
46
33
23
49
50
67
24
32
29
36
34
35
26
35
35
21
29
32
15
15
46
45
25
59
34
83
24
24
29
14
20
20
25
17
22
12
19
42
21
26
19
47
16
27
22
21
23
27
24
39
23
7
40
30
21
26
14
28
22
25
30
29
35
23
37
32
19
24
24
30
20
31
39
20
19
22
25
42
31
13
20
27
22
17
9
16
41
29
39
21
28
38
17
33
6
13
19
21
13
25
26
14
27
13
30
41
24
11
38
57
16
8
45
27
20
19
25
7
23
13
27
19
19
23
25
12
14
21
16
36
13
16
18
16
14
9
10
15
39
13
24
6
31
13
5
14
20
12
19
13
33
12
20
21
16
5
13
16
24
19
11
30
21
20
17
13
9
3
9
7
11
20
20
10
14
11
5
12
9
4
15
18
14
8
10
7
3
10
8
11
5
16
12
13
3
9
8
4
8
5
12
12
10
6
11
8
10
3
5
12
7
11
10
5
6
3
12
9
1
3
4
17
30
19
6
3
3
5
14
4
11
11
6
7
9
9
5
11
3
7
18
2
5
6
12
7
11
12
7
34
8
10
12
4
7
4
7
12
2
5
11
4
19
7
4
13
3
1
11
14
9
8
8
0
11
27
8
3
13
5
10
0
6
18
1
12
11
9
4
2
12
8
42
43
8
8
10
14
13
5
6
2
7
9
7
30
6
4
3
19
9
3
3
7
8
2
1
1
14
7
5
1
1
8
5
5
4
7
15
4
1
16
0
2
11
4
6
13
4
7
17
21
2
7
5
7
18
3
8
3
8
11
5
3
8
0
5
31
5
6
15
6
13
8
16
2
9
5
17
7
7
6
8
5
11
6
6
5
10
14
11
8
3
7
12
3
15
16
13
4
11
4
19
12
5
6
5
5
14
15
8
16
4
7
3
12
5
11
8
6
12
5
6
6
9
11
8
13
10
15
7
6
7
9
23
9
15
8
17
10
23
12
13
19
13
15
11
6
13
12
16
13
8
10
8
43
20
16
16
8
14
11
24
22
26
7
12
12
28
12
30
12
14
19
16
15
16
14
11
10
39
10
10
31
30
26
10
34
12
12
31
15
26
28
27
23
23
21
18
14
28
22
28
30
22
42
26
16
14
22
37
25
37
26
43
27
33
31
42
35
18
33
23
23
49
48
14
27
29
21
24
33
66
25
29
32
17
20
42
36
42
27
42
12
29
33
24
35
29
36
45
48
55
31
30
27
44
33
35
61
34
44
38
48
51
56
37
42
51
49
44
41
37
44
26
58
25
38
62
27
36
36
71
14
40
23
39
44
46
46
56
44
50
36
107
44
68
45
50
43
73
46
48
38
58
66
96
52
27
43
42
16
43
63
55
77
51
37
36
23
63
47
51
39
62
47
56
54
46
45
112
44
47
52
48
59
43
49
51
53
65
29
60
58
74
38
69
65
58
45
69
48
36
44
64
55
54
62
68
41
33
63
90
60
78
86
49
54
58
41
63
80
93
55
60
45
90
65
54
44
56
67
60
39
45
66
48
69
74
107
57
46
51
99
71
60
59
65
49
49
70
68
43
88
52
68
73
66
65
68
67
66
55
58
86
41
67
62
54
57
87
90
89
47
64
50
62
55
73
90
42
76
92
53
53
67
69
57
72
50
67
68
44
74
66
88
114
62
65
57
95
51
78
65
91
103
49
61
48
62
48
58
80
59
89
72
78
63
81
67
105
68
49
63
84
71
39
32
64
65
65
93
77
63
46
35
59
89
89
69
69
84
42
77
60
82
44
98
64
68
54
47
69
64
59
71
55
81
59
58
65
83
65
51
72
60
90
38
101
48
92
48
52
43
93
49
46
53
70
102
83
70
73
100
75
64
56
45
54
53
49
61
70
77
62
70
58
47
79
74
80
66
78
57
68
68
91
70
63
31
68
46
95
58
74
69
52
69
81
90
55
76
50
76
70
59
54
53
62
63
53
137
51
81
88
43
71
51
39
61
46
47
84
44
55
101
69
59
46
74
178
80
73
90
55
62
70
50
77
79
54
57
47
59
68
95
56
56
41
64
50
47
45
46
86
48
56
90
65
62
101
55
60
75
64
77
69
46
59
55
69
63
52
156
87
39
53
78
66
74
75
43
38
85
71
48
74
71
62
58
67
75
38
68
55
54
61
63
76
52
67
66
64
34
60
61
50
59
53
64
60
45
68
68
56
42
95
26
71
64
100
75
74
36
70
47
62
40
50
56
52
61
50
67
47
57
76
59
62
49
42
41
41
51
52
62
76
55
51
75
49
59
73
42
65
59
74
29
61
44
69
68
90
62
39
60
86
55
59
57
42
50
71
64
45
84
43
59
44
38
51
78
39
90
73
58
92
50
56
35
51
83
63
107
56
49
59
68
51
47
43
56
68
42
52
35
53
43
48
64
60
96
66
64
45
63
53
59
31
42
32
47
74
54
49
76
51
63
56
32
40
72
45
42
50
54
53
31
56
37
35
49
62
53
51
38
30
35
61
34
35
50
40
44
49
33
53
48
66
43
22
49
41
82
28
39
46
47
37
43
45
56
307
34
43
80
43
60
59
24
37
75
32
39
40
50
46
40
21
57
39
76
44
24
39
35
57
29
63
50
30
32
42
49
51
23
20
27
39
30
64
43
35
32
37
45
65
46
67
66
42
56
46
42
40
59
30
51
48
42
39
31
34
36
37
86
43
39
45
37
41
47
58
59
37
42
21
25
40
29
45
37
47
30
29
33
57
43
48
38
42
44
16
54
75
39
53
37
30
50
45
43
30
34
32
41
46
51
33
55
51
37
38
55
47
49
50
46
35
55
40
55
65
39
33
47
37
45
50
37
30
30
60
48
42
35
44
36
40
33
47
36
24
36
36
45
46
39
31
33
36
47
38
57
57
36
65
61
21
38
45
24
71
29
62
32
47
30
23
39
108
33
52
59
18
29
38
40
42
31
37
55
38
52
32
58
42
51
37
30
52
24
50
51
22
46
29
66
49
27
61
45
47
37
40
34
32
31
38
47
27
58
51
58
63
35
28
53
43
48
37
31
38
69
31
34
35
62
39
45
37
63
100
55
44
23
28
54
39
32
48
43
31
23
57
39
28
56
60
37
39
36
57
26
24
40
50
46
37
23
19
28
38
27
48
28
52
38
37
39
28
36
60
37
27
46
33
51
68
19
49
85
50
40
33
25
24
35
42
26
24
80
22
39
29
25
34
42
40
27
31
20
48
37
30
20
26
62
52
51
21
22
12
33
27
36
72
30
50
50
26
51
22
43
44
61
43
35
29
39
39
37
23
25
29
38
22
29
13
29
24
29
49
23
21
19
27
24
26
33
17
25
17
29
24
28
21
33
18
13
19
18
44
10
19
35
19
38
27
18
29
30
18
23
37
22
28
31
46
27
14
23
17
11
28
11
16
10
11
19
36
15
13
48
20
14
25
10
28
14
17
12
21
9
14
18
22
30
14
33
29
27
14
15
22
15
35
4
22
30
50
15
24
29
19
24
34
12
22
12
13
15
16
12
21
47
6
24
13
14
31
20
18
15
19
11
20
15
22
25
21
13
7
22
18
8
9
9
9
13
14
18
30
13
7
6
21
17
8
11
16
9
13
9
13
13
11
22
29
12
6
10
20
10
29
6
5
6
4
15
4
7
9
9
8
8
8
9
6
8
11
9
8
32
6
5
7
14
14
15
14
0
9
17
2
15
8
6
14
6
1
5
2
3
2
11
7
7
15
9
13
16
24
11
9
24
13
4
4
20
8
5
5
15
10
13
4
9
7
3
0
5
4
7
3
10
10
4
6
17
2
8
20
3
21
3
8
8
5
5
9
2
8
10
6
10
4
2
10
5
11
5
3
29
10
5
3
5
20
13
4
9
8
18
6
2
13
30
11
9
2
18
9
7
18
4
1
16
9
4
4
10
2
15
12
6
3
2
9
4
15
8
3
8
3
10
6
2
15
5
5
3
2
2
2
5
26
16
3
11
5
5
6
6
4
18
11
5
15
4
1
5
2
3
2
4
2
1
5
2
2
2
5
18
11
5
6
10
3
4
6
4
4
7
14
8
10
5
2
1
2
1
8
10
3
7
3
3
3
3
8
13
13
3
4
8
4
24
11
3
13
14
15
8
9
17
6
5
6
2
7
12
3
12
8
5
6
8
9
12
22
4
3
6
17
7
18
16
11
6
8
14
3
4
18
1
1
8
21
3
14
8
10
6
12
17
4
8
4
10
9
5
10
5
23
8
5
12
5
3
14
29
34
4
20
3
22
39
20
11
6
9
6
5
9
7
6
5
8
26
3
6
21
8
4
19
12
6
15
26
18
7
13
12
10
15
7
15
11
12
8
17
7
37
21
9
24
15
9
8
7
69
12
10
13
7
7
27
22
13
13
25
14
11
22
10
12
15
18
9
15
19
26
16
14
38
13
16
33
21
25
18
33
37
27
20
20
25
22
14
76
18
13
24
16
34
29
34
29
17
29
16
31
43
28
22
26
38
12
34
18
23
24
26
22
44
29
30
48
36
15
42
30
18
46
36
25
33
55
34
41
40
36
34
54
27
32
36
61
31
31
37
20
25
75
24
40
33
40
27
23
29
36
51
57
23
30
25
27
60
45
70
34
50
52
43
73
50
47
65
38
57
43
43
46
31
64
59
61
44
47
41
29
61
36
58
32
84
28
61
46
53
46
28
55
33
51
50
54
56
29
56
46
36
75
65
65
44
48
39
66
62
49
54
59
43
47
49
54
49
49
36
72
35
59
54
46
77
77
56
57
51
53
54
81
52
45
75
59
38
73
48
43
56
75
41
47
50
55
147
47
75
67
67
64
69
55
53
69
70
37
54
72
82
75
79
142
51
52
54
55
99
61
51
55
65
70
94
56
71
88
80
83
59
65
73
77
57
58
58
75
68
70
79
72
87
70
62
69
57
94
76
72
71
49
74
50
33
77
60
76
77
84
70
34
65
55
47
76
71
80
81
92
99
70
78
73
85
63
69
43
77
63
52
70
63
75
66
96
78
58
82
88
94
75
61
84
88
75
68
75
56
87
56
52
42
56
68
78
50
93
51
65
68
49
71
60
82
53
48
69
45
62
75
60
117
56
59
72
73
82
61
93
90
59
62
47
57
59
45
50
92
43
99
50
52
58
73
48
92
63
58
61
67
65
87
73
70
60
75
79
46
58
69
71
61
58
46
57
61
90
48
51
44
36
64
58
49
67
54
59
44
57
76
56
38
44
50
55
35
63
25
40
70
57
66
52
66
63
46
54
62
53
37
71
61
54
67
52
44
83
56
58
48
56
87
75
46
42
61
80
81
58
48
69
68
43
70
79
76
59
54
64
70
66
74
50
43
62
70
57
66
72
39
61
75
70
51
50
70
29
45
59
52
49
47
32
48
39
56
38
42
50
53
48
47
57
60
71
39
39
42
52
105
85
80
64
95
69
49
72
50
61
42
67
69
51
65
49
51
49
60
47
48
54
53
42
45
53
54
99
46
72
42
40
61
46
49
74
43
62
107
57
47
58
50
52
66
63
42
54
73
49
41
74
47
37
45
65
73
59
46
71
74
50
71
37
105
44
44
53
67
61
72
61
47
55
49
45
52
57
52
58
53
40
48
33
71
54
56
81
76
70
67
49
54
85
45
72
46
38
49
58
95
52
34
44
67
52
53
52
47
43
47
40
70
42
62
47
63
39
40
42
104
31
52
45
46
49
64
31
40
56
54
56
31
70
75
56
39
37
80
42
58
24
41
40
34
81
56
58
32
52
69
44
58
65
69
64
40
54
33
35
59
61
62
41
33
58
41
36
38
49
31
44
53
65
48
37
46
54
54
47
45
107
50
36
31
53
64
55
50
43
36
49
38
32
30
25
46
49
24
65
38
51
51
35
36
57
36
51
37
56
25
74
23
34
40
42
66
26
56
41
52
30
46
44
38
29
43
33
54
53
39
40
59
32
27
17
50
42
43
46
35
42
38
40
59
31
40
49
69
51
29
48
27
39
38
63
25
60
56
27
54
41
37
41
30
39
44
34
38
67
45
30
33
33
47
39
40
33
49
48
35
50
50
41
44
41
31
43
40
35
31
62
29
32
48
29
58
106
24
75
33
42
36
49
41
41
33
39
47
42
54
47
35
43
27
41
21
29
67
38
41
52
27
32
42
59
41
60
45
63
41
37
47
38
35
34
40
51
43
30
60
50
42
43
29
51
55
28
32
33
37
43
54
33
34
28
45
42
41
35
31
47
49
41
37
35
49
24
52
52
31
29
47
58
37
37
63
50
57
26
33
32
39
40
34
21
19
25
20
34
69
45
36
37
44
36
41
51
29
46
60
36
47
28
33
42
36
31
35
29
29
31
32
48
31
28
59
36
64
45
63
43
35
39
42
33
41
36
38
53
26
35
45
26
28
19
31
48
28
13
45
29
30
32
25
38
27
45
37
42
28
26
42
30
24
36
25
29
40
35
29
25
20
26
22
23
29
14
45
44
38
42
15
13
24
50
25
52
49
26
19
17
12
34
15
12
28
29
25
16
28
29
16
28
45
18
19
20
32
34
20
15
21
25
28
25
24
23
45
24
26
39
22
27
15
30
19
35
20
18
53
24
17
17
14
25
37
39
17
31
45
58
22
22
18
21
27
15
41
9
29
30
18
17
15
17
21
15
17
46
26
18
19
33
17
19
19
15
14
21
26
14
24
33
20
27
17
19
24
16
19
26
29
26
16
11
15
20
15
16
26
17
9
23
21
8
5
28
26
71
17
18
10
11
14
11
11
22
27
13
7
27
12
11
12
12
18
19
9
22
4
14
12
8
12
19
8
12
3
8
10
14
29
41
9
8
8
3
10
14
31
11
14
13
21
6
19
15
9
13
11
8
11
10
13
3
10
13
7
18
8
17
16
10
9
9
23
6
5
5
15
1
7
12
7
6
17
11
7
1
14
8
2
11
3
7
16
13
11
8
5
6
13
5
13
10
12
9
9
35
6
17
10
6
7
6
5
5
2
4
8
7
10
6
1
6
15
3
5
12
9
12
9
9
5
14
6
4
3
4
8
8
16
2
2
6
6
13
16
8
11
9
1
2
5
16
5
7
7
4
7
8
7
1
3
19
3
8
1
4
3
2
4
6
17
2
4
18
9
5
6
2
6
9
6
2
7
4
4
5
5
5
1
1
3
5
2
2
17
6
3
4
7
4
6
1
2
14
3
5
6
8
2
0
3
4
15
6
14
3
1
5
6
3
0
3
0
3
1
15
1
4
2
11
3
3
4
2
5
7
2
6
1
2
8
4
6
9
0
4
5
6
6
0
5
3
0
8
5
0
3
4
2
4
3
1
3
3
3
2
0
1
2
2
6
2
7
7
2
2
3
2
2
4
5
2
3
1
1
2
3
3
6
1
7
7
12
14
4
2
1
2
3
9
6
2
3
4
3
1
11
9
3
15
2
29
8
1
21
5
1
33
26
11
12
14
2
1
7
14
9
3
6
6
11
8
5
8
5
4
4
13
5
9
8
13
3
2
2
10
4
8
7
5
3
9
8
8
3
12
6
5
15
2
6
10
5
11
13
15
16
4
6
4
12
7
9
8
15
11
10
10
13
20
16
8
10
6
3
24
9
20
6
27
14
14
11
9
18
17
25
9
19
16
7
8
13
11
17
6
3
23
17
24
25
12
39
28
10
14
16
12
18
17
16
11
20
22
21
18
11
22
34
15
18
24
23
21
26
30
19
24
13
24
27
29
19
37
23
14
24
17
46
21
30
15
25
27
21
22
40
29
9
16
16
17
11
32
23
27
11
36
39
27
45
30
34
32
26
39
23
54
21
23
19
24
30
31
27
36
30
38
51
28
23
50
62
47
23
27
25
35
64
34
26
44
46
63
55
28
37
24
56
24
33
49
49
30
50
33
19
34
37
46
78
51
57
46
31
40
38
86
26
43
41
41
61
36
35
35
44
19
40
31
45
67
47
30
37
35
58
43
43
52
63
29
41
24
52
44
42
49
68
51
79
64
42
33
37
47
57
57
72
76
45
51
38
30
53
41
60
58
40
57
49
39
54
42
49
66
50
70
44
59
45
50
38
44
55
45
39
41
43
42
42
99
55
34
59
45
61
59
65
38
48
77
62
60
38
57
60
36
39
55
32
63
79
53
41
48
49
46
35
51
49
62
28
63
54
75
61
56
44
59
44
34
46
33
52
49
35
50
63
43
46
78
49
68
73
63
75
78
64
40
54
68
67
59
64
68
57
64
51
94
46
45
47
53
43
41
35
47
59
53
41
58
53
69
53
61
97
45
37
36
47
44
61
46
51
56
86
45
47
43
63
76
55
81
60
48
51
32
84
60
53
56
61
52
76
61
77
46
59
61
49
66
61
52
53
57
63
48
50
56
54
52
53
42
63
38
60
57
73
47
46
73
68
53
69
72
67
47
45
59
78
69
70
50
41
61
49
67
71
71
59
88
38
69
56
78
68
65
63
82
43
32
61
78
59
61
58
69
55
46
63
55
62
46
49
62
68
62
63
51
76
53
72
69
67
67
51
88
39
56
49
37
58
78
69
76
59
56
63
56
48
62
76
91
68
76
59
59
59
94
78
71
52
52
57
43
58
50
68
46
66
43
50
73
41
48
65
73
38
51
75
88
57
55
53
43
63
47
75
72
58
81
60
46
49
54
41
57
44
47
37
82
42
64
56
47
56
71
73
77
38
47
56
45
66
48
60
94
65
61
53
60
57
63
39
55
37
50
75
48
77
43
37
64
63
83
54
61
122
106
39
58
55
72
26
65
46
68
56
66
102
45
51
56
48
48
42
31
68
76
90
88
66
72
47
61
48
47
45
37
69
68
48
67
75
51
44
42
53
55
62
64
32
44
72
53
52
44
54
54
51
70
53
44
56
67
46
69
47
41
74
57
71
55
102
55
49
32
115
40
73
55
48
36
53
80
32
46
77
46
39
71
32
42
121
48
41
48
46
64
23
51
46
34
63
49
36
75
58
43
49
56
45
33
50
44
35
60
61
81
59
49
35
58
45
62
70
39
45
35
77
41
52
46
74
35
38
54
50
52
37
31
46
35
62
43
41
31
46
52
57
46
55
42
53
35
49
45
30
34
39
34
80
42
57
35
47
25
30
44
26
45
46
24
59
53
51
30
56
43
40
29
23
69
88
42
46
24
25
38
67
39
33
40
38
51
41
61
42
40
22
48
43
60
60
63
44
29
60
40
36
43
38
35
44
31
82
22
33
32
32
33
21
54
55
34
39
44
37
41
36
38
41
37
59
42
48
56
38
53
49
34
55
48
46
37
64
36
46
34
55
37
55
89
42
44
25
58
48
32
33
32
64
53
41
47
69
75
43
39
59
43
59
48
39
71
42
65
61
49
57
47
50
26
30
32
25
57
30
49
23
33
53
23
46
29
28
43
50
35
57
48
27
60
41
51
62
42
49
38
24
46
31
44
26
139
26
88
30
46
38
32
50
60
62
44
42
38
29
28
60
47
43
59
47
56
47
39
33
48
44
53
31
86
75
51
56
53
29
66
23
24
34
33
38
48
26
26
23
51
50
34
50
46
47
25
43
34
35
78
47
44
31
27
36
32
35
35
43
40
33
31
43
29
31
46
33
40
60
38
48
21
36
23
37
41
39
50
23
60
27
62
68
24
30
58
43
20
22
28
30
25
26
25
58
38
61
34
29
33
62
39
90
17
35
57
52
38
21
47
36
44
32
52
28
28
32
44
35
43
16
37
24
43
23
28
26
20
31
42
47
43
25
38
25
26
33
25
19
25
18
23
34
21
33
34
12
29
16
22
24
22
35
9
19
21
18
24
68
80
9
17
46
19
14
21
26
17
26
19
29
19
32
34
49
13
15
37
27
16
27
16
24
9
28
19
23
14
24
18
10
22
23
18
19
20
26
18
12
54
18
34
14
23
17
14
30
13
52
20
13
19
13
14
24
21
21
19
30
16
11
12
14
14
18
16
9
15
16
25
28
26
31
21
18
15
21
13
13
13
11
13
13
32
11
17
3
18
13
7
19
28
19
28
13
13
11
15
17
28
7
19
16
13
18
14
5
5
22
9
16
9
7
4
7
9
8
19
23
19
9
17
13
18
7
21
8
8
7
26
9
7
10
10
5
6
9
11
13
7
25
11
36
6
19
7
27
24
6
12
15
8
40
4
2
7
9
13
9
6
3
2
11
13
5
2
2
21
8
9
3
22
9
10
7
13
1
4
11
9
16
8
25
6
24
5
23
7
3
2
4
8
9
5
7
0
1
7
3
7
4
8
5
7
3
5
2
6
9
10
17
15
9
4
11
3
3
9
8
9
2
11
4
9
11
7
2
0
9
11
1
10
4
16
5
7
15
3
3
4
4
6
6
2
5
7
7
11
1
4
5
4
19
2
16
11
4
6
4
3
13
15
9
14
4
1
3
3
6
0
10
1
13
3
8
2
6
3
0
4
25
2
2
1
2
6
10
3
8
3
9
5
1
3
0
5
7
3
4
1
0
1
3
4
2
16
5
6
5
3
3
0
4
5
3
4
4
1
3
4
2
5
0
1
13
5
0
1
5
3
9
5
4
5
1
5
4
13
3
4
10
6
11
13
11
7
3
1
2
5
2
7
3
18
2
4
9
1
3
8
14
6
4
3
4
3
2
4
6
20
8
1
0
7
5
5
8
13
6
5
7
3
2
24
4
4
11
7
11
9
6
11
6
3
9
20
10
6
6
23
12
3
4
11
5
8
7
20
31
10
11
19
7
2
13
13
10
14
27
7
12
13
12
10
15
26
10
26
22
5
10
15
16
29
5
22
9
35
4
24
14
17
22
31
11
29
14
22
5
18
26
12
16
22
17
15
15
16
21
8
14
22
13
13
17
20
13
15
22
15
19
38
17
19
13
17
17
20
14
17
26
10
7
28
13
21
16
25
24
25
29
15
20
58
27
32
19
8
12
19
32
91
16
27
22
28
17
19
26
22
25
29
30
42
45
41
26
26
35
22
48
17
33
38
23
26
62
34
40
39
37
43
37
22
13
36
63
27
28
58
46
38
27
35
26
37
79
28
28
21
21
23
85
37
29
28
66
41
57
42
64
38
32
30
47
39
29
47
54
44
34
63
64
32
42
48
36
38
40
54
41
50
69
47
27
49
32
47
42
58
45
27
44
41
44
34
56
40
64
51
52
65
33
43
45
48
34
67
55
37
36
50
40
63
54
49
55
47
72
81
39
52
73
89
35
57
55
75
84
80
38
68
64
48
52
57
75
62
57
53
65
53
48
67
53
101
44
37
56
68
46
74
52
38
54
43
68
54
62
57
59
49
58
47
54
55
38
40
52
69
72
53
49
50
40
52
62
51
75
44
34
78
46
151
61
64
62
65
63
46
55
50
43
71
112
109
59
84
50
61
74
46
67
69
59
52
62
59
80
52
49
67
89
46
94
85
62
76
76
44
65
71
66
53
49
57
55
61
78
77
65
103
91
64
64
59
77
79
60
52
60
77
46
62
61
55
69
55
72
35
71
71
67
69
46
47
49
65
68
46
56
39
43
92
71
44
77
94
69
66
88
57
73
64
77
90
55
47
51
62
87
73
72
41
46
45
50
55
62
48
81
60
70
54
93
84
45
40
70
83
70
37
65
61
88
62
49
71
65
44
68
64
53
63
71
60
83
73
75
98
57
54
55
65
51
72
56
59
73
84
40
58
61
55
42
60
53
57
54
73
63
72
65
62
78
48
66
56
43
70
43
49
66
55
63
77
79
88
61
45
67
45
49
94
59
65
45
55
32
65
26
48
34
55
26
41
44
48
44
41
32
76
59
32
32
64
36
44
38
47
36
81
30
35
44
39
74
58
83
57
81
36
76
58
94
74
75
68
74
60
62
62
57
50
73
46
44
71
77
57
49
48
48
50
58
47
40
47
92
66
77
67
45
87
41
61
102
64
65
40
109
63
58
62
49
53
79
47
49
46
65
55
89
65
44
58
42
43
66
39
33
48
52
54
40
66
65
25
60
59
65
58
81
63
80
63
38
56
82
75
68
44
43
63
58
47
36
69
66
50
65
50
51
50
64
25
39
74
45
51
43
42
38
53
32
51
50
59
44
62
31
44
62
73
62
69
53
65
55
55
37
46
63
47
79
61
61
40
63
42
50
46
46
46
67
69
46
64
34
40
40
43
46
48
66
47
56
30
38
43
48
28
71
51
28
69
43
51
52
80
46
55
43
40
45
43
32
167
36
47
42
67
36
40
47
44
24
61
48
50
68
44
62
34
50
31
57
57
39
34
41
42
43
17
25
48
36
57
39
79
52
53
53
31
62
42
57
40
41
50
49
46
69
50
55
42
54
41
45
30
33
69
49
48
46
42
30
33
41
85
25
61
53
40
24
41
49
30
35
45
40
57
35
65
52
41
44
55
60
43
35
58
44
39
75
70
46
45
32
48
68
23
41
30
57
47
25
34
42
37
55
42
36
36
40
39
42
44
44
61
38
48
37
43
47
39
27
34
45
65
37
46
39
44
50
42
45
52
44
41
39
83
36
51
34
31
56
45
43
34
77
31
65
44
44
38
46
49
47
24
52
40
28
30
43
53
49
53
51
37
62
57
45
72
39
52
27
22
41
30
39
26
37
47
40
41
45
50
25
54
45
37
32
71
57
21
32
48
32
31
30
55
46
47
29
65
40
57
48
45
38
66
51
34
49
45
64
23
33
63
79
55
31
35
57
57
86
32
43
37
36
68
38
33
36
30
45
70
35
38
23
31
30
19
19
19
14
12
7
2
1
3
8
2
1
2
1
0
0
0
0
0
1
0
1
0
0
0
0
0
0
1
0
0
0
0
0
0
0
0
0
0
0
0
0
0
7
0
0
0
0
0
0
0
0
4
1
0
2
13
17
20
19
22
33
24
37
41
14
15
52
26
48
33
41
47
28
64
37
40
39
36
18
59
31
48
26
24
29
26
30
25
43
23
23
29
23
32
34
32
22
31
30
33
24
25
34
42
33
23
23
45
60
47
21
23
20
32
22
29
37
21
23
30
46
21
29
28
59
38
30
39
35
16
17
26
46
28
39
24
23
22
29
36
40
20
16
31
31
39
28
22
37
24
10
29
33
42
24
18
25
18
25
37
26
26
24
14
16
19
37
7
48
67
21
20
11
25
9
28
10
15
35
23
9
28
7
8
23
11
20
23
16
15
40
19
23
28
24
21
29
40
20
10
14
18
35
13
22
18
33
19
14
18
24
38
11
35
15
21
11
17
12
10
21
11
7
14
12
14
7
7
24
22
16
9
16
15
14
2
5
6
6
22
11
14
8
16
14
7
11
10
12
8
13
10
6
23
17
11
6
45
6
34
4
8
19
4
5
13
32
6
9
3
14
7
16
14
14
8
7
5
19
22
8
14
8
32
8
9
6
16
4
7
15
24
10
13
9
10
4
3
12
5
6
14
14
13
2
6
1
13
12
2
1
4
22
5
9
2
10
33
21
9
7
8
5
20
9
15
8
3
6
8
7
6
9
15
20
19
34
42
36
17
33
45
22
36
40
33
47
31
45
23
39
31
37
22
29
24
30
18
53
41
25
24
32
42
23
18
28
34
25
35
16
25
32
19
29
26
21
11
17
29
16
38
18
31
33
20
22
14
30
20
23
18
12
16
14
20
16
7
24
14
14
24
17
11
20
26
30
29
21
33
13
28
25
12
13
17
11
20
16
26
20
8
16
8
13
15
18
9
13
10
10
6
12
16
9
7
17
8
8
8
15
4
27
17
10
28
18
13
24
19
26
10
11
14
34
23
19
25
17
6
13
4
9
14
2
18
3
15
9
21
23
10
16
13
11
11
7
31
16
30
11
6
19
3
9
20
8
12
10
10
9
11
11
12
13
20
10
9
6
24
9
20
3
9
17
15
19
18
15
15
8
19
13
10
19
15
22
9
17
11
11
34
6
11
5
16
15
8
20
9
14
14
39
15
25
17
18
17
12
23
9
19
13
18
14
12
10
9
7
16
12
10
20
18
24
23
23
38
23
20
28
13
22
18
23
22
17
21
13
17
29
13
34
7
23
40
28
10
21
40
20
40
14
18
35
39
34
30
30
23
25
27
10
17
50
26
37
19
20
25
16
38
14
11
33
23
12
43
19
49
49
31
30
23
53
28
24
16
44
21
29
34
19
59
18
21
38
33
43
32
33
30
27
22
40
44
20
47
10
28
39
40
35
38
55
39
27
28
28
46
30
31
55
40
33
40
34
44
81
29
35
29
33
36
62
47
43
50
40
44
32
30
49
21
46
56
37
53
68
50
51
31
37
41
58
49
39
53
64
36
30
34
45
48
44
44
35
40
45
51
33
49
35
24
66
68
34
40
57
34
40
33
41
34
40
39
44
40
27
30
46
83
44
41
50
66
33
49
37
63
55
38
67
43
27
55
41
57
62
65
49
37
49
63
51
43
39
36
42
44
33
42
52
54
69
69
51
105
37
51
74
75
51
49
69
58
57
78
59
66
58
81
63
47
45
57
78
62
77
51
55
44
61
64
54
88
48
76
85
47
43
41
60
49
38
59
57
32
45
44
54
54
61
26
33
49
57
53
68
42
61
69
87
67
44
49
59
37
50
56
44
63
70
44
86
44
40
50
66
47
45
68
42
75
49
42
83
70
81
55
66
69
49
71
23
85
48
58
37
40
44
53
82
67
41
39
65
39
48
45
61
48
62
51
57
50
75
45
51
54
57
87
92
38
50
43
46
67
52
56
47
78
70
91
50
35
78
34
61
61
41
50
63
47
50
60
65
33
41
65
53
52
38
36
63
32
50
35
60
54
25
120
43
41
46
82
55
47
42
42
43
50
56
56
74
65
48
48
41
24
64
48
101
47
42
93
62
70
71
42
107
35
39
70
52
36
66
75
45
38
88
28
39
58
86
81
73
47
53
47
39
63
87
60
76
41
42
57
57
54
53
36
67
60
51
81
66
59
41
68
39
47
51
65
77
52
36
69
69
54
57
31
80
87
50
52
79
34
62
66
98
48
52
64
101
49
47
39
53
39
52
57
39
46
39
46
52
34
55
77
55
50
67
35
61
35
37
53
75
35
75
79
35
55
73
38
78
36
33
44
51
48
56
74
54
38
83
77
31
49
55
55
55
40
42
32
48
102
50
54
68
33
67
52
29
50
55
42
59
58
43
43
39
50
57
56
73
69
39
54
34
41
93
38
44
72
68
80
36
36
83
67
29
41
47
52
31
44
52
60
46
34
42
43
51
41
32
52
33
64
54
60
31
54
67
38
45
90
58
45
47
61
62
35
36
74
28
63
43
49
43
55
57
68
62
40
43
64
63
45
55
42
21
54
65
39
35
43
63
51
52
33
51
41
52
54
46
40
53
36
33
30
41
40
37
93
31
42
54
42
45
26
44
71
46
67
48
51
44
47
27
41
44
46
42
39
32
78
48
31
36
33
32
34
42
44
48
26
18
10
24
18
9
23
19
49
33
45
16
33
30
26
19
29
31
36
41
54
28
23
43
40
37
30
30
41
54
22
26
35
33
31
21
36
34
44
32
27
45
32
46
41
39
39
42
33
54
53
38
47
56
44
46
47
76
55
69
44
25
32
44
36
39
44
68
40
30
28
42
35
44
56
27
62
40
49
29
67
45
65
39
48
38
27
23
30
26
34
50
56
42
47
44
29
38
39
39
49
34
46
35
28
24
63
46
36
44
42
36
63
35
29
32
35
34
46
20
41
28
38
37
89
28
37
32
13
30
65
44
42
56
24
54
42
29
25
44
37
23
36
35
42
25
41
41
30
42
35
42
51
30
49
47
41
30
27
49
58
32
81
22
48
43
26
47
47
45
34
40
81
60
64
37
46
53
39
21
32
43
32
42
56
49
39
50
28
124
63
34
28
25
36
42
26
36
19
55
37
28
50
70
23
31
37
28
30
24
48
31
29
33
35
51
40
46
50
24
54
50
70
39
41
39
50
41
21
41
36
26
45
36
36
54
56
31
61
22
25
30
38
30
37
56
42
40
17
29
40
65
28
35
45
59
49
47
40
30
33
73
47
31
26
26
39
43
42
31
34
40
26
23
38
52
30
38
43
48
41
20
49
27
42
44
52
20
27
47
24
32
39
43
8
33
54
40
55
22
39
29
41
60
27
50
67
23
33
40
36
32
24
34
24
35
31
49
30
23
27
27
42
21
38
29
37
45
31
32
27
26
25
22
36
51
33
24
18
39
29
26
23
26
25
23
16
23
28
24
19
46
24
27
27
36
37
22
21
35
21
19
47
18
27
16
33
18
29
15
104
31
16
12
33
13
24
27
23
34
37
11
7
32
18
17
46
17
19
19
41
20
8
19
24
12
24
27
64
11
21
26
19
23
26
18
34
11
28
18
11
17
16
12
19
23
34
19
19
15
16
26
16
15
8
35
12
25
18
12
18
32
20
9
39
12
24
11
34
20
36
16
84
9
13
18
7
15
0
11
6
6
9
21
16
11
9
7
18
13
4
15
33
64
7
11
5
20
19
15
6
9
23
19
11
13
7
19
7
12
29
20
13
28
12
16
3
38
16
15
20
14
7
5
14
6
11
6
8
6
9
7
3
6
9
8
9
22
10
4
8
17
23
10
4
5
18
7
18
6
3
5
12
6
17
9
5
5
14
10
14
3
26
3
14
4
8
6
10
9
3
4
4
4
12
18
3
35
8
6
19
3
6
3
22
8
4
13
9
7
5
22
5
13
10
11
5
20
5
4
8
6
1
9
2
7
10
14
1
6
5
3
8
12
8
5
14
1
2
13
8
12
1
1
21
11
4
2
4
3
13
10
1
6
2
4
5
9
9
3
7
2
3
11
7
7
4
10
5
1
2
3
1
2
5
5
2
15
6
8
6
7
4
12
0
3
10
2
2
6
9
2
2
3
8
1
6
2
3
11
2
7
3
4
0
2
11
1
2
2
8
5
4
5
2
4
8
14
1
6
2
5
9
6
3
10
5
9
0
9
2
3
7
3
3
1
8
7
11
3
7
7
3
2
14
4
7
1
3
13
5
5
28
8
8
10
7
7
6
6
3
11
4
0
9
2
6
10
4
7
5
2
5
8
2
10
14
2
2
25
8
12
2
9
8
7
1
18
2
12
3
9
6
10
6
18
8
13
3
18
6
5
9
11
4
17
7
4
5
8
14
8
10
7
23
5
15
6
17
4
17
8
14
18
7
19
6
13
18
28
3
11
3
5
22
4
12
9
26
12
14
16
10
7
9
17
11
7
14
18
7
14
19
6
8
8
9
27
7
26
15
7
18
29
19
28
8
20
22
11
18
15
28
8
7
20
13
24
17
36
15
28
17
17
15
18
14
29
8
13
30
14
10
24
23
19
27
29
19
34
84
12
12
28
19
22
27
27
41
20
29
23
20
16
25
28
41
27
34
26
25
24
26
26
26
36
35
21
26
32
29
28
28
14
35
34
24
19
34
44
46
22
31
22
38
10
24
32
46
28
24
28
23
27
29
24
27
34
40
47
30
31
38
27
36
29
27
42
38
41
39
27
18
45
22
28
40
48
47
47
45
63
54
42
37
38
58
52
46
44
39
63
30
30
44
33
51
40
51
54
48
43
49
22
33
28
16
49
63
61
41
50
54
20
35
38
39
30
33
40
66
33
44
44
30
65
38
72
77
38
51
37
39
49
35
34
55
55
68
28
23
40
60
60
89
40
74
49
35
105
80
83
34
120
60
46
22
69
34
74
34
47
59
28
43
41
62
43
44
70
43
61
42
49
53
73
51
56
44
78
114
84
61
73
66
61
46
50
61
58
67
63
64
42
65
56
44
75
76
63
95
100
42
50
45
58
54
58
71
45
63
52
29
51
37
49
59
42
51
64
58
61
38
59
57
44
37
42
71
38
50
58
53
45
50
56
51
58
52
45
52
64
62
51
38
55
63
82
61
68
90
48
53
56
57
44
41
64
44
84
51
41
45
75
43
49
64
49
68
61
94
56
67
66
46
74
74
76
78
43
82
96
43
58
50
41
50
60
49
50
55
48
51
59
75
51
51
43
48
54
27
56
64
52
55
73
100
55
40
73
61
58
45
38
52
62
61
59
48
52
65
52
66
37
30
54
39
56
43
59
70
61
47
50
70
34
71
50
39
85
73
48
75
107
69
63
38
63
44
53
57
57
34
53
71
50
47
62
60
30
48
41
78
63
90
29
51
45
31
46
46
51
52
54
67
50
53
73
72
43
54
48
68
67
58
48
62
46
71
60
86
84
46
32
50
47
39
58
52
60
63
49
44
42
51
51
45
70
62
48
47
50
70
61
50
72
47
85
68
30
41
80
74
68
57
60
72
51
69
42
52
52
42
81
58
40
77
79
53
44
38
50
70
40
44
46
43
45
72
43
60
41
45
73
48
44
37
53
41
77
60
33
65
31
58
40
53
66
29
35
44
39
38
61
67
31
26
56
71
44
50
70
78
47
62
38
51
60
45
90
37
38
46
41
51
86
41
39
34
32
45
61
52
51
48
64
47
43
36
51
66
72
64
67
57
40
45
44
75
61
53
43
70
35
58
55
62
38
32
62
59
39
70
31
39
27
47
24
56
35
36
55
42
39
56
65
41
38
39
39
18
41
63
32
74
31
58
44
36
26
49
34
55
45
61
45
46
59
48
50
43
42
34
35
55
47
78
36
36
55
84
30
30
39
54
34
63
35
28
57
30
42
50
46
55
21
77
53
39
30
33
51
39
47
28
49
35
64
40
46
49
39
46
39
36
24
42
38
54
32
52
36
38
64
68
51
31
35
28
38
44
24
35
55
54
36
26
50
28
43
37
54
83
55
11
48
39
55
56
51
41
39
65
30
34
42
25
42
38
51
27
39
58
37
21
37
61
35
25
50
43
31
65
21
37
28
49
24
48
29
48
49
35
34
42
33
47
33
46
55
43
25
34
37
21
60
31
24
27
28
30
40
53
47
36
43
119
39
52
71
42
55
51
37
48
25
35
24
62
48
32
38
72
62
44
26
37
36
44
36
29
42
48
27
40
32
45
13
49
58
31
45
30
38
45
79
38
62
39
40
25
41
58
78
32
40
66
41
27
19
56
63
40
43
48
27
45
35
41
54
42
24
40
32
42
48
38
50
40
55
38
30
55
52
52
37
35
38
43
15
41
42
33
41
25
33
35
45
56
59
34
49
48
45
67
37
39
33
39
37
39
49
50
52
36
44
40
46
46
31
39
41
64
45
62
36
55
22
35
37
37
40
29
41
43
47
60
35
39
28
32
42
55
44
44
48
47
80
47
39
29
40
40
59
38
60
51
50
46
16
39
51
52
38
26
36
66
53
47
38
37
30
43
47
41
24
35
69
51
37
44
36
38
39
40
29
42
43
36
48
55
42
41
15
28
36
26
29
60
29
36
45
45
55
29
33
70
56
26
41
24
19
26
38
45
43
25
35
49
33
32
38
20
25
39
58
25
60
50
53
25
28
23
36
30
24
24
21
31
13
56
36
41
21
16
14
36
16
103
34
19
23
29
14
37
34
38
33
31
19
44
41
45
20
26
22
33
26
29
25
22
34
29
19
27
25
36
13
18
25
26
23
17
33
8
101
30
33
63
38
28
27
14
39
25
23
29
33
15
22
32
15
65
26
7
35
10
44
11
16
30
10
21
7
15
16
16
28
41
20
25
19
26
20
16
16
16
9
16
11
21
20
22
25
11
10
25
8
23
16
14
14
7
6
11
15
26
8
27
22
16
10
11
23
21
13
10
7
20
16
14
10
22
6
22
10
17
12
7
17
4
6
16
14
46
8
26
14
8
21
13
9
9
15
25
12
12
12
8
9
6
8
10
11
8
4
6
15
3
24
9
14
8
8
4
16
14
11
9
9
5
8
17
7
8
12
24
4
16
4
9
9
6
23
28
13
2
13
4
3
9
16
8
27
5
8
8
4
6
7
14
2
6
4
18
8
3
13
7
3
7
14
7
4
15
18
9
20
5
4
2
12
5
14
10
4
8
8
4
4
34
3
2
15
5
12
2
8
6
9
17
11
7
9
5
9
7
5
5
3
3
3
9
1
2
24
4
5
2
12
4
0
2
1
5
2
39
4
4
7
1
5
5
2
18
2
6
13
12
1
4
7
2
7
6
13
1
1
1
16
11
5
2
15
4
5
11
3
14
7
5
0
1
5
3
8
5
2
8
12
2
12
15
3
5
2
1
1
2
2
3
1
8
1
6
3
9
4
2
10
2
10
3
13
7
23
5
5
8
4
11
7
15
4
16
5
7
5
1
2
21
7
3
10
6
0
8
7
5
5
7
8
15
8
3
6
9
13
3
5
8
6
6
9
9
4
5
5
9
17
5
6
13
3
5
9
3
6
15
4
6
13
6
4
18
10
12
8
9
2
26
46
6
21
5
6
2
3
12
17
6
11
10
10
9
9
9
10
35
5
3
8
12
4
14
18
12
3
11
13
5
10
5
14
8
23
7
18
8
10
9
4
22
10
13
8
7
20
12
4
14
13
20
14
9
29
15
14
9
20
3
21
10
16
16
19
12
19
22
18
8
13
14
6
14
14
33
10
18
16
22
21
12
20
21
27
21
22
21
21
39
10
12
29
21
9
22
13
19
16
24
21
8
29
18
18
39
12
14
17
17
22
19
10
12
14
25
31
23
19
21
8
19
24
40
48
29
31
16
43
27
23
33
14
41
21
30
47
48
23
29
31
28
66
23
24
22
41
19
28
47
41
56
32
13
37
30
43
45
44
30
41
38
34
43
27
40
33
48
36
47
45
40
30
20
44
51
47
38
50
29
32
32
36
87
45
49
40
55
45
33
34
56
35
58
38
42
32
44
37
54
49
71
44
56
53
50
33
43
51
68
45
38
37
55
50
39
59
51
47
86
69
49
59
62
51
27
70
49
29
43
52
80
67
43
70
62
38
51
43
46
57
67
69
40
46
66
49
40
39
62
69
50
52
43
61
52
48
61
40
73
38
52
49
71
54
69
66
85
50
58
51
63
57
41
64
70
78
48
41
40
73
47
50
54
71
69
37
56
30
24
61
32
72
55
35
57
51
46
59
45
49
50
57
49
39
34
64
58
49
48
65
54
61
86
56
72
65
52
31
54
33
49
72
60
55
80
35
72
51
62
43
60
57
62
46
52
43
54
51
42
56
45
64
79
53
68
70
27
35
77
68
69
86
54
35
65
36
60
65
79
67
64
76
55
60
70
70
57
73
79
76
76
59
72
52
60
90
82
38
40
50
49
87
26
58
55
35
67
58
64
45
29
62
52
59
50
52
45
62
47
45
41
35
67
72
63
51
56
49
72
51
74
66
51
54
63
51
67
41
41
45
80
43
68
54
47
73
53
63
100
98
56
96
64
85
60
66
42
73
73
68
51
61
54
33
91
48
61
63
51
75
57
55
57
75
56
49
65
79
53
93
90
41
49
48
64
46
42
30
42
81
63
56
36
64
48
32
47
59
57
36
53
61
45
43
40
49
40
60
52
41
59
58
56
65
62
76
86
60
41
57
65
51
85
57
73
44
48
42
60
73
69
52
47
63
41
54
53
55
43
42
42
56
57
52
65
47
45
74
49
75
59
44
49
94
49
32
37
60
49
33
80
50
68
54
60
54
53
37
66
43
47
53
34
37
52
66
60
42
71
57
41
60
57
50
30
33
56
43
56
60
59
43
38
45
43
43
31
44
70
72
37
51
41
45
47
67
45
52
59
58
35
37
48
69
51
47
57
59
71
47
41
98
44
39
43
76
49
57
69
42
69
60
37
47
66
56
68
59
37
31
41
72
50
45
41
47
47
40
54
53
56
62
56
37
66
40
37
83
32
40
43
42
31
36
79
63
54
63
39
46
39
50
50
41
101
33
37
63
43
47
60
50
54
30
28
47
63
41
54
40
31
44
46
84
49
61
41
28
48
26
55
37
29
60
30
58
51
26
29
36
39
31
42
34
43
25
34
41
41
36
39
37
49
34
35
33
45
40
30
26
27
67
74
56
39
28
67
28
56
38
39
44
51
33
42
56
24
37
44
35
34
62
37
28
81
32
62
25
40
49
62
36
24
29
29
27
27
33
36
32
33
35
30
28
27
61
21
25
45
40
52
57
30
43
29
48
35
34
43
49
39
30
36
42
56
38
61
23
52
49
55
57
27
29
39
30
41
34
59
34
36
23
47
60
69
27
64
37
32
33
43
30
33
41
25
51
47
33
40
32
43
35
33
41
58
58
49
52
36
29
34
44
51
47
29
93
25
37
21
55
36
30
22
51
44
45
34
45
37
33
60
28
22
114
47
46
28
50
70
36
49
40
35
51
38
84
60
39
39
37
49
47
70
61
32
50
36
48
39
27
50
50
23
40
26
27
44
62
45
33
42
34
42
31
37
68
22
43
30
39
37
36
34
29
41
31
32
34
66
28
30
62
36
34
46
38
32
60
54
11
41
46
55
32
34
44
69
40
34
54
55
28
118
50
53
53
77
33
39
25
40
37
51
37
63
48
55
39
33
34
51
38
32
56
35
33
31
30
28
36
33
27
20
25
33
26
18
30
29
66
45
53
25
65
49
27
50
79
45
51
52
28
54
33
36
37
44
41
45
34
72
27
19
48
38
37
27
39
37
46
24
16
28
31
58
16
46
51
29
30
36
42
11
23
53
30
37
22
22
17
34
33
51
22
34
28
34
21
37
34
39
42
46
20
34
24
31
39
35
35
29
28
27
12
40
22
27
18
10
21
55
19
40
26
18
25
20
39
31
15
22
18
22
19
20
33
19
10
22
17
33
13
35
38
30
37
23
33
16
18
23
16
21
33
27
17
15
23
17
34
39
23
41
15
11
30
33
12
11
26
35
14
13
21
34
14
10
90
40
4
6
39
19
20
21
5
10
23
19
11
10
8
18
6
30
7
15
10
27
4
12
14
23
17
13
40
5
32
38
13
17
11
12
12
7
10
22
9
12
9
14
13
14
16
14
14
14
33
24
12
9
5
20
15
31
6
15
7
13
15
20
12
9
7
15
14
6
11
21
14
7
12
15
11
16
14
9
2
14
5
5
20
3
14
13
6
8
5
7
10
6
8
18
5
12
9
5
13
15
16
4
15
10
21
9
6
7
15
19
17
9
6
6
15
8
6
11
3
12
6
8
10
6
6
5
7
8
5
3
6
4
21
27
17
7
36
4
10
9
11
4
7
11
10
9
10
9
6
6
18
2
18
5
20
10
4
3
1
10
4
8
4
4
3
23
10
5
7
9
15
12
6
10
10
14
6
8
13
7
8
4
2
8
2
3
1
4
5
5
2
11
5
17
9
0
7
7
8
7
1
8
8
5
2
4
2
8
4
6
9
13
12
2
11
7
10
6
11
11
4
14
5
2
11
8
8
4
0
8
2
1
2
6
2
5
9
7
4
12
7
7
12
0
2
4
12
3
4
2
2
8
2
15
4
3
5
9
5
3
8
7
10
5
5
5
8
9
9
14
6
0
5
5
2
9
12
1
3
7
4
9
2
8
19
7
6
3
11
9
12
7
7
10
15
4
8
3
3
3
2
4
3
8
1
16
15
17
5
4
10
12
2
7
19
11
5
15
2
18
2
16
6
11
15
7
8
5
8
6
11
10
5
21
4
11
4
9
1
16
15
8
12
19
14
11
12
8
7
12
8
17
17
18
16
16
18
14
14
11
15
12
30
19
10
10
4
14
8
7
28
15
11
11
23
8
22
8
26
16
18
16
8
10
22
8
19
22
21
9
18
8
28
11
10
15
20
14
17
8
16
21
17
15
24
19
16
14
44
5
16
13
25
23
12
34
26
17
35
11
16
18
17
29
15
32
14
15
30
38
13
16
27
23
17
29
19
24
28
24
25
40
16
22
14
34
20
15
25
24
38
18
19
26
31
41
13
40
20
20
22
56
35
20
16
54
44
19
35
35
30
26
29
21
36
31
51
38
47
26
33
20
25
21
34
28
34
38
21
51
55
28
59
20
38
44
19
37
29
48
32
33
76
60
27
47
34
38
47
31
27
66
45
47
46
41
29
40
27
32
71
28
68
34
29
54
35
46
56
48
27
27
31
45
35
35
39
29
46
72
41
41
41
71
47
20
34
43
57
49
30
28
42
38
49
40
44
48
49
36
28
64
52
63
83
34
42
38
47
46
47
37
33
32
36
43
39
45
44
86
42
48
51
45
44
78
54
64
89
93
64
73
61
33
41
55
45
55
60
60
35
74
31
71
51
38
30
45
65
57
39
92
57
70
62
42
77
51
48
56
58
48
42
39
38
39
58
47
47
53
31
29
54
61
69
29
51
52
75
90
62
51
74
68
84
36
44
89
49
59
45
48
56
71
42
49
34
43
42
55
29
56
37
56
35
66
48
39
37
35
38
60
55
75
79
45
62
43
62
50
23
46
34
42
84
56
42
66
40
59
44
35
67
55
55
78
51
56
34
80
30
62
48
39
43
64
53
41
63
39
35
43
68
37
87
54
49
51
58
41
44
55
72
40
31
28
40
42
63
65
83
48
60
39
50
66
58
79
61
73
51
88
60
74
63
39
40
52
50
42
88
76
40
48
31
72
65
63
80
47
43
61
56
35
72
55
103
59
49
73
64
49
43
77
93
54
61
43
74
73
94
79
84
66
75
65
60
57
68
78
40
51
38
53
78
56
61
39
44
46
61
121
41
76
43
53
100
53
66
71
40
64
55
63
44
44
62
53
115
64
73
61
46
75
84
73
58
53
74
74
72
37
53
87
53
69
76
67
135
104
72
116
83
114
58
116
62
113
75
99
97
100
56
109
58
62
62
96
66
76
50
101
78
96
106
93
104
69
108
55
75
75
91
58
40
54
58
47
88
56
57
70
43
80
73
52
128
48
69
151
62
67
72
41
61
74
57
73
58
51
61
116
52
40
79
63
65
87
71
57
97
60
53
38
87
58
54
83
55
82
64
43
70
51
42
74
46
45
79
46
53
46
54
49
62
68
36
50
61
129
45
84
87
55
73
104
37
54
61
62
80
52
57
44
47
42
90
57
67
78
51
69
55
71
63
52
45
55
43
44
46
49
37
71
67
76
51
36
55
52
32
32
56
58
53
54
44
84
45
44
62
32
36
44
35
59
40
38
64
56
60
34
41
54
56
47
38
41
52
38
64
57
60
48
47
45
34
39
46
51
31
37
72
38
22
55
39
64
50
20
113
30
59
50
46
41
47
49
55
60
72
41
61
33
44
39
70
42
31
52
55
31
33
20
36
44
30
84
32
44
27
53
33
43
46
86
56
18
29
40
35
30
40
28
56
28
69
24
26
74
41
53
46
48
43
39
45
30
36
29
34
26
35
35
31
39
36
37
51
46
53
41
54
62
52
46
50
42
18
48
33
38
27
88
42
15
41
25
38
30
35
32
54
51
35
40
43
87
38
42
84
29
62
42
37
41
43
36
38
37
46
28
38
36
34
35
22
28
34
19
19
31
38
28
27
26
24
33
30
27
24
26
38
23
30
21
40
18
22
55
19
18
33
46
46
39
44
32
29
26
24
21
31
45
52
33
51
26
21
28
43
28
46
48
44
29
43
32
34
45
14
29
29
44
26
75
61
69
84
22
31
97
52
29
42
71
48
43
40
26
37
51
22
37
33
55
31
31
46
47
63
47
42
21
24
37
44
55
61
28
56
32
32
35
25
28
24
61
29
34
32
65
31
31
26
25
31
35
28
19
45
15
44
41
27
19
27
39
28
19
43
39
53
48
35
25
76
29
29
16
24
34
27
57
19
33
49
95
45
38
25
27
26
32
32
65
28
25
25
26
22
33
38
66
17
30
29
43
31
24
45
30
47
25
42
35
26
26
47
50
55
41
17
19
55
23
28
41
30
31
54
37
25
37
37
59
16
12
16
45
46
19
28
41
21
35
16
36
26
37
33
14
36
50
69
17
40
23
12
27
31
34
15
15
20
27
24
18
23
42
22
23
26
63
23
52
38
26
51
19
29
59
31
22
26
19
21
63
23
25
32
32
27
19
67
36
13
28
15
36
18
27
22
29
28
14
10
36
23
17
25
13
21
35
18
15
26
16
12
14
19
13
32
14
14
20
32
76
31
30
20
26
31
15
36
20
33
25
23
14
10
27
10
13
10
10
15
30
13
39
23
13
19
29
12
33
26
9
19
24
18
9
11
13
14
19
14
11
9
15
12
21
3
18
21
39
6
25
12
16
17
5
36
14
7
15
7
11
11
26
36
18
9
18
9
36
11
29
20
18
7
24
17
15
10
7
11
9
12
27
11
24
20
16
19
14
7
16
17
9
11
11
7
20
19
26
17
11
8
18
10
13
11
7
5
8
12
0
6
11
14
16
14
3
14
6
9
6
6
4
7
9
3
7
8
2
6
9
2
14
12
12
15
4
7
7
10
9
9
13
11
14
7
12
24
5
5
1
10
3
4
3
12
8
12
2
8
10
11
5
7
14
4
10
11
22
5
25
13
10
3
7
5
8
5
11
6
3
12
3
6
8
3
4
1
4
4
6
7
2
0
4
4
13
16
11
3
13
8
7
3
9
6
4
6
8
6
1
4
5
6
12
8
2
5
5
8
6
0
5
7
11
10
5
3
5
2
25
16
16
2
7
8
9
1
3
2
4
5
9
1
8
7
10
8
4
8
10
5
18
2
12
5
11
2
2
17
3
2
5
3
5
8
9
12
1
9
2
6
3
1
2
0
9
5
3
4
2
16
2
5
2
1
4
4
7
4
10
4
9
5
5
3
2
4
2
5
1
11
3
3
6
3
4
1
3
4
4
8
3
20
3
3
4
24
4
6
15
1
5
8
14
16
9
5
5
2
8
7
1
10
12
6
15
1
4
2
10
11
3
5
5
7
1
3
1
2
10
0
0
4
9
0
3
5
4
7
8
6
22
10
0
8
1
10
7
8
4
2
6
18
4
4
3
1
3
8
8
3
8
5
11
6
13
19
10
12
12
14
9
13
7
3
9
13
12
6
9
12
6
6
12
12
2
11
11
10
15
6
21
20
27
13
13
19
14
9
8
16
7
15
6
5
17
12
18
10
12
17
16
10
16
7
8
13
13
19
15
6
6
17
15
15
17
16
19
12
8
10
21
28
18
7
13
17
14
10
8
23
16
16
18
11
31
18
13
19
28
14
31
23
26
25
26
33
16
34
22
16
30
17
21
26
28
18
37
11
25
11
21
32
22
16
24
34
39
18
33
17
23
16
25
33
18
25
37
25
35
24
19
20
27
30
31
37
22
48
39
28
51
25
26
31
26
12
37
42
37
51
25
43
35
27
20
29
43
25
32
35
18
24
24
39
40
24
35
25
28
47
45
69
31
24
38
51
43
30
33
28
48
33
27
53
54
54
66
51
47
37
64
47
28
28
62
40
29
32
44
51
32
79
88
43
57
51
89
128
51
40
88
107
55
43
64
124
61
152
58
72
65
49
104
86
46
94
68
79
85
52
73
75
148
43
57
66
63
44
79
74
26
45
62
46
65
60
71
75
57
45
89
38
96
53
81
85
76
50
41
58
46
42
85
68
43
74
72
74
67
66
48
77
70
78
92
83
69
182
59
51
58
56
112
39
61
60
50
67
34
62
55
61
72
62
47
51
85
46
71
32
88
64
96
58
65
69
59
63
49
76
56
59
63
68
73
102
38
52
66
50
57
55
67
54
57
57
53
45
53
41
88
52
94
71
68
60
50
39
60
58
109
83
51
57
59
55
77
59
39
78
64
36
75
40
48
54
66
69
78
72
90
53
65
66
54
67
89
62
63
148
96
52
70
57
63
68
46
71
58
54
45
53
58
65
41
65
80
53
60
76
77
81
35
40
121
60
66
98
55
72
66
53
56
72
58
72
96
66
64
60
67
87
81
48
89
76
97
105
108
49
60
55
57
66
70
41
64
36
42
46
46
57
43
53
58
39
34
69
52
80
77
45
66
65
55
45
36
72
49
36
55
42
95
54
56
42
47
82
77
49
45
32
88
53
34
49
53
62
51
71
56
73
41
79
66
67
72
71
61
39
61
62
44
55
53
57
47
49
82
53
88
56
86
54
54
50
42
52
61
52
69
43
53
76
57
63
53
74
39
34
45
51
56
41
58
40
50
43
64
50
68
65
62
32
46
36
39
87
44
36
33
42
41
72
53
47
61
57
31
45
68
71
59
47
49
35
55
47
56
59
40
64
71
64
50
56
63
43
45
54
74
71
63
50
43
55
45
41
46
44
68
47
52
49
33
53
46
54
45
37
46
41
52
40
49
45
59
48
59
59
75
74
50
38
40
48
93
46
47
64
61
50
34
49
63
45
33
43
42
51
48
63
60
59
41
69
44
51
94
53
39
42
34
48
53
73
55
72
43
35
61
32
45
53
36
26
83
55
44
30
32
40
33
45
47
34
70
48
51
47
35
61
52
38
43
38
34
43
33
44
37
42
42
27
54
32
42
34
20
24
45
26
54
61
39
21
31
52
36
61
34
35
31
48
43
59
40
20
30
40
37
20
22
40
54
18
55
49
44
27
28
33
45
36
54
23
48
30
33
58
33
28
40
34
29
54
42
26
40
32
58
20
34
29
37
66
42
27
53
31
44
43
30
49
25
39
32
46
36
48
38
23
42
35
47
39
33
53
28
47
25
98
73
36
50
28
31
28
34
49
42
34
41
41
32
29
35
33
30
34
48
46
37
35
36
37
45
50
32
28
15
65
39
51
31
40
38
43
27
49
27
24
31
28
33
41
19
31
47
61
41
35
38
77
35
29
46
31
24
74
48
30
33
54
56
24
39
48
32
38
39
26
40
24
42
20
37
48
38
33
50
35
20
22
26
18
37
29
36
49
44
22
23
41
39
29
20
21
57
29
22
42
42
23
29
26
34
30
27
40
42
30
23
49
27
106
23
31
26
30
27
19
36
26
52
43
30
40
60
29
30
57
30
24
51
30
30
26
34
45
38
58
40
26
34
41
30
32
38
25
32
68
57
24
34
25
25
38
32
35
44
35
35
24
28
51
45
48
20
46
27
29
26
39
20
30
17
58
20
38
20
46
34
30
21
45
40
32
28
28
36
36
35
43
39
69
40
39
33
37
21
23
28
20
15
21
35
30
24
26
17
26
28
33
29
41
26
35
30
16
18
32
21
37
34
16
34
21
23
29
31
22
44
25
42
26
29
44
20
52
28
22
22
28
45
14
21
26
33
25
40
34
29
28
42
32
17
39
58
40
12
8
49
24
27
19
19
22
18
47
25
26
15
33
19
20
18
15
21
10
29
20
31
30
34
29
18
10
33
21
29
11
10
13
17
16
27
22
60
12
14
10
17
34
11
25
18
21
16
6
18
11
16
35
7
14
21
9
7
12
10
16
22
33
25
18
32
9
20
11
21
19
24
20
9
15
30
16
9
10
12
29
22
22
12
8
17
22
16
16
25
9
17
13
18
21
12
12
12
10
17
16
10
12
20
21
22
10
15
12
20
16
18
9
25
13
12
18
15
6
6
16
6
20
9
15
17
14
10
16
6
9
18
10
8
27
11
13
15
12
4
11
9
4
8
17
19
7
8
21
9
13
28
7
6
12
5
7
12
6
8
11
20
5
5
5
13
5
6
4
8
7
11
10
12
6
6
9
11
4
5
24
14
6
7
2
16
7
4
31
10
10
8
3
9
4
6
19
6
15
8
14
3
13
1
2
8
7
13
2
3
1
7
15
7
10
4
5
5
9
19
12
3
3
5
5
2
4
7
6
8
9
4
3
5
10
3
3
4
4
1
5
20
1
6
7
5
15
4
5
1
13
2
8
6
10
14
2
4
2
4
1
5
0
2
2
6
1
8
2
8
3
2
2
0
8
0
8
2
1
2
6
1
6
6
4
8
3
0
6
4
3
17
8
4
3
0
8
1
6
2
1
14
4
5
5
9
2
4
2
2
5
0
3
13
1
5
10
3
3
0
0
3
3
9
1
6
5
1
1
5
3
1
9
1
6
3
0
2
4
3
0
8
4
0
2
7
11
2
8
0
2
3
2
5
1
2
15
0
0
15
3
1
2
8
6
7
0
2
14
3
2
5
3
5
26
2
3
0
2
10
0
3
6
11
2
4
3
4
2
2
3
5
6
4
13
1
6
29
2
4
3
5
1
6
7
10
0
1
5
2
0
4
4
3
9
5
5
1
8
4
5
12
13
6
7
9
17
9
3
6
9
6
16
2
3
14
9
6
3
3
6
15
1
5
17
9
13
5
5
3
3
15
11
12
15
7
2
0
4
19
3
9
4
7
14
5
9
7
6
7
11
8
7
15
3
8
5
7
11
18
9
7
12
7
10
13
15
5
15
17
2
18
5
11
20
8
26
6
12
12
7
10
9
13
27
15
17
18
11
16
14
23
20
14
12
16
9
34
8
19
15
24
29
23
19
29
14
20
9
23
14
11
16
29
20
20
11
19
16
15
14
14
24
7
12
17
19
15
27
20
13
32
34
16
32
14
14
29
12
23
14
31
21
28
33
17
51
40
21
16
24
41
14
12
29
31
25
51
39
49
26
14
25
30
23
54
39
31
40
45
23
28
19
32
33
31
36
32
59
42
23
42
64
37
21
22
23
23
29
27
32
36
41
34
27
42
31
18
22
28
18
42
53
47
19
60
25
41
78
51
31
37
36
32
42
25
46
40
29
44
48
39
31
33
28
27
25
34
34
55
16
46
33
49
54
57
60
31
38
53
52
40
42
47
18
45
39
32
35
32
67
39
54
47
22
36
31
59
39
38
44
40
41
38
53
45
42
49
32
66
65
25
55
30
97
44
28
64
38
35
33
55
39
48
64
29
67
37
50
45
43
67
57
53
30
32
40
32
67
59
42
50
48
65
53
39
43
58
36
91
67
45
44
75
44
65
30
44
59
49
48
63
26
29
67
36
45
31
57
46
53
68
75
67
46
45
27
35
47
66
40
66
53
32
50
37
74
35
40
55
58
51
37
54
51
41
61
54
93
48
50
52
37
52
49
71
67
41
33
52
70
68
45
56
58
74
50
72
56
32
29
66
34
58
45
53
25
54
53
41
35
57
55
55
38
88
107
63
43
47
90
42
85
75
60
47
75
69
66
57
57
44
50
37
60
54
46
59
68
68
48
78
40
61
39
60
65
60
58
59
59
84
43
53
76
56
48
57
46
62
40
59
63
58
51
59
34
41
105
61
43
41
74
42
55
49
52
64
60
54
61
40
74
54
40
55
65
64
38
47
54
55
80
39
55
58
74
58
56
26
51
42
52
48
55
58
66
65
74
32
45
43
44
40
48
45
30
42
57
48
65
52
38
44
58
58
59
24
47
77
45
69
51
51
56
49
42
52
32
54
33
52
45
49
50
52
47
56
27
55
42
42
39
51
64
43
37
44
41
50
54
48
49
77
22
41
63
85
74
42
57
46
45
32
34
59
46
27
48
51
43
43
38
45
42
29
63
76
72
40
51
44
57
40
51
58
53
55
52
28
56
49
43
47
52
52
53
42
88
42
73
68
38
47
48
35
75
34
29
32
54
33
60
37
65
43
65
41
40
31
58
34
87
68
37
49
35
51
76
50
47
38
47
57
68
41
84
43
47
51
38
42
71
44
39
63
23
56
54
54
51
35
62
36
28
25
63
49
40
58
43
38
39
28
37
32
43
39
63
37
29
31
65
57
55
32
39
57
42
44
72
34
47
57
26
30
46
50
36
49
20
36
42
35
50
33
16
52
39
34
50
40
32
45
31
43
54
38
39
45
47
58
48
29
50
45
17
40
32
46
26
33
42
45
25
45
27
45
35
23
37
34
27
35
51
62
36
49
31
41
62
32
35
41
39
36
75
46
26
43
33
47
31
64
45
33
49
53
58
36
28
58
32
19
47
18
23
40
35
50
22
68
38
28
30
30
34
48
24
41
40
51
34
25
40
47
28
39
50
47
55
36
43
54
38
49
37
72
44
58
27
44
58
38
45
31
36
51
39
40
78
32
28
49
36
30
65
50
47
59
52
28
36
51
25
61
40
32
48
35
36
44
61
10
46
76
46
43
46
40
53
36
40
36
42
33
40
48
41
42
46
43
29
44
20
34
50
27
30
37
38
45
39
38
38
47
31
49
33
33
54
40
51
39
45
49
47
30
40
42
42
41
28
39
30
38
41
31
17
26
26
43
28
35
26
31
41
42
41
17
35
36
21
54
43
20
38
26
25
57
59
38
27
49
39
30
59
28
56
23
24
41
57
26
29
39
63
36
40
47
21
27
28
18
47
27
21
37
27
42
44
18
42
34
31
25
16
23
23
38
36
26
23
52
21
34
24
32
62
46
26
52
49
33
51
40
46
24
37
37
28
30
17
31
39
46
41
30
28
27
39
22
51
41
43
20
21
18
38
41
24
39
54
35
25
45
19
23
36
21
23
23
16
27
25
61
31
24
34
25
34
34
17
20
38
21
20
34
23
30
17
13
25
25
28
19
25
30
14
15
25
10
22
8
30
19
19
27
17
27
16
13
18
13
22
11
18
27
40
20
23
12
12
25
24
21
12
9
20
34
19
20
18
10
19
26
29
22
15
10
10
11
30
4
25
16
27
9
15
21
9
21
6
18
22
19
18
11
15
19
9
9
10
11
29
23
23
4
4
12
11
16
12
22
16
11
7
22
7
11
14
14
10
19
1
15
16
10
14
34
7
6
26
12
10
12
8
11
9
7
7
10
25
10
2
10
21
10
24
13
6
18
16
14
12
15
4
7
19
16
6
9
15
18
7
9
13
3
10
2
10
9
9
22
10
16
16
8
6
2
3
0
18
12
29
15
12
9
5
13
9
9
5
5
2
7
15
7
0
4
10
6
2
7
10
18
15
5
9
9
6
35
4
9
9
8
11
5
11
5
29
8
7
9
6
4
4
3
1
15
23
2
7
8
18
7
4
3
5
6
2
4
4
0
4
18
3
2
10
18
2
2
6
2
7
8
5
2
3
2
3
1
3
8
5
4
4
7
4
4
3
1
1
0
8
5
14
4
2
5
1
5
2
3
5
9
2
2
3
4
2
1
6
0
5
12
9
0
12
3
3
2
16
11
22
8
4
13
5
4
8
18
0
1
0
2
5
3
0
1
5
2
3
4
2
0
5
2
2
6
0
1
8
3
9
10
4
5
2
3
3
1
2
2
2
4
3
2
2
11
1
0
3
2
4
1
1
2
1
10
1
7
12
3
7
1
10
2
0
3
3
7
7
1
2
4
1
2
6
0
4
3
0
19
15
5
13
5
3
3
4
0
10
5
3
1
2
4
10
4
3
8
13
6
2
9
2
4
4
3
4
5
8
1
8
0
4
6
4
5
1
7
0
5
9
0
10
2
1
12
4
11
5
0
4
1
4
11
3
14
16
7
6
9
2
2
6
3
6
6
5
5
11
4
2
11
9
11
7
7
8
7
9
23
7
5
4
9
8
12
3
5
3
5
11
4
8
13
9
11
5
12
34
7
8
8
5
4
2
8
7
12
25
8
5
24
11
7
11
7
20
17
18
8
6
41
4
12
8
13
11
11
12
36
22
13
4
18
27
26
21
7
33
21
17
15
9
22
30
15
15
24
14
13
12
21
15
12
28
12
25
15
6
31
16
41
13
16
27
12
16
18
12
28
16
17
24
10
14
25
13
33
38
18
18
34
18
12
15
12
41
24
19
17
30
32
20
30
16
14
55
38
13
22
18
27
29
23
16
22
18
24
23
27
40
15
33
17
26
14
39
22
49
33
23
25
17
24
41
32
25
40
40
45
30
31
24
53
38
40
21
24
26
44
22
38
29
39
27
34
69
36
43
32
55
26
47
43
54
45
29
79
45
32
48
44
29
31
29
53
37
34
29
27
38
53
31
48
43
19
41
42
30
37
36
27
44
67
43
36
36
40
34
52
47
53
33
40
22
52
44
40
48
40
59
44
41
32
48
27
68
64
58
51
48
57
33
42
46
52
46
53
28
44
38
59
46
51
32
43
32
46
44
49
40
41
39
74
71
42
52
54
50
50
25
39
66
53
43
60
47
44
52
72
73
45
39
50
50
38
53
45
47
35
32
61
56
57
40
27
61
49
79
51
88
137
52
50
73
34
53
22
50
49
45
47
29
48
71
54
36
40
65
37
55
75
56
58
38
28
76
48
60
68
48
70
59
64
45
54
47
51
42
73
52
83
43
43
58
84
65
86
56
45
48
47
67
49
87
61
83
52
42
82
45
63
66
51
45
39
75
33
51
45
48
64
64
73
63
62
67
72
64
40
85
55
55
68
66
28
58
66
30
65
53
75
28
96
69
35
82
54
52
82
53
45
28
46
56
51
59
31
82
39
62
51
65
39
68
47
56
58
49
44
56
69
59
79
75
51
41
56
85
94
69
46
51
70
43
56
43
50
40
72
52
62
64
65
69
64
49
77
49
78
44
37
41
66
51
83
39
43
57
46
71
64
69
68
57
64
76
51
71
40
51
39
46
49
30
51
97
49
59
67
54
43
48
47
46
60
53
64
64
92
29
59
40
60
72
73
56
46
42
90
38
52
35
98
60
47
48
62
83
78
52
59
72
84
57
38
40
46
68
74
79
47
76
40
34
51
53
38
31
29
41
50
64
51
44
54
58
55
90
58
44
40
99
72
53
56
65
70
50
68
37
35
54
61
41
36
64
43
40
83
61
51
49
61
60
53
32
49
52
97
56
79
63
51
47
76
35
56
82
53
69
32
68
44
83
36
66
46
61
56
61
58
70
48
65
38
49
51
74
41
55
49
49
63
51
48
46
85
47
57
58
54
80
43
43
56
53
45
60
32
41
52
45
43
60
48
24
48
42
52
51
58
76
48
44
48
41
31
31
42
55
52
26
88
64
48
49
44
40
33
47
33
69
59
53
30
56
87
53
54
35
43
36
37
46
28
36
64
41
37
53
48
32
65
38
36
73
44
32
32
70
48
22
50
34
41
32
22
31
42
47
40
15
32
39
36
51
49
27
50
34
44
48
59
34
40
29
17
48
37
44
79
37
43
46
31
48
38
58
36
45
34
41
48
67
47
51
56
97
29
63
63
43
34
42
34
79
42
32
56
38
36
33
79
50
31
47
73
47
57
30
52
47
45
43
30
46
66
51
78
57
69
44
44
27
46
42
50
42
51
61
69
55
42
49
47
38
59
46
53
64
82
69
57
48
51
38
55
47
43
40
27
50
46
51
74
38
99
56
60
72
63
45
31
74
40
34
56
43
42
89
49
40
76
65
53
56
57
58
62
41
59
43
57
31
66
76
67
58
53
32
57
84
50
52
29
47
51
35
29
38
73
31
35
57
39
52
57
43
47
42
50
52
51
48
56
48
43
41
44
70
23
48
58
45
29
50
64
45
61
49
50
45
54
43
25
37
41
58
39
37
59
57
34
44
52
43
39
51
54
45
73
69
35
66
48
38
50
58
22
39
61
62
54
40
57
33
44
42
37
37
44
42
45
45
57
55
42
19
43
32
33
53
53
36
63
40
51
31
55
42
41
36
51
30
27
49
61
46
40
43
44
51
22
27
35
87
67
34
46
38
39
43
37
41
51
25
26
39
35
43
39
48
32
41
59
47
67
35
13
26
34
63
25
42
49
47
25
18
39
45
44
32
43
33
30
24
29
42
13
20
48
40
34
37
17
39
25
30
42
33
29
75
37
35
39
28
33
35
31
31
40
28
25
51
19
52
40
21
25
24
22
33
29
18
25
21
33
30
38
24
28
17
24
10
17
41
37
23
17
24
11
28
11
17
23
20
45
29
17
17
28
46
35
16
25
24
35
34
15
32
12
17
23
22
19
18
18
41
9
23
27
36
17
17
40
27
26
23
16
17
10
47
18
30
21
10
16
38
20
43
39
35
9
22
31
39
18
20
31
20
13
24
20
20
35
10
44
10
33
21
20
30
10
16
30
27
25
27
11
24
23
25
9
43
21
12
8
17
7
13
29
11
8
13
18
5
38
12
28
16
4
12
21
12
13
14
23
11
7
25
17
9
32
19
13
31
7
7
15
6
13
16
4
12
22
7
9
25
10
11
14
10
7
6
19
10
15
15
4
10
11
9
8
19
10
15
18
11
18
20
15
8
8
18
7
8
3
0
4
5
8
4
8
16
13
9
7
10
7
9
5
7
15
20
6
4
5
5
8
8
11
7
6
4
29
24
9
19
6
7
4
5
7
5
5
23
11
3
1
8
11
13
2
3
15
6
10
5
16
6
11
11
6
3
7
4
9
3
7
0
9
3
2
1
5
5
7
1
5
8
5
6
8
5
5
10
5
6
1
9
13
5
1
16
12
3
1
13
5
0
14
6
2
10
9
0
9
5
10
2
9
9
3
22
1
4
8
9
13
4
11
1
9
4
2
6
9
3
4
2
2
11
3
6
8
1
2
1
3
26
3
1
2
6
9
16
17
12
2
2
4
6
3
6
3
6
7
5
0
9
1
25
1
0
8
7
3
0
15
5
10
2
6
19
5
8
30
10
10
2
12
3
8
8
9
11
8
13
9
7
1
15
8
7
4
18
4
8
8
15
9
4
14
7
11
0
13
14
6
4
5
7
6
21
4
4
21
2
5
7
8
17
14
9
6
9
10
10
7
5
9
3
1
23
6
13
4
9
10
9
5
3
10
12
8
8
10
13
12
12
5
10
7
10
11
8
4
5
1
20
3
10
11
9
19
11
21
7
9
9
3
8
3
19
10
13
9
4
11
13
4
13
14
7
36
13
14
15
22
12
39
20
110
31
11
83
10
22
8
41
17
20
28
8
18
13
28
19
15
8
15
14
16
33
17
20
22
26
30
36
16
20
28
30
15
36
37
10
7
24
25
24
47
17
14
24
17
18
9
25
22
20
31
24
15
20
28
19
19
19
22
27
41
19
17
28
48
27
18
29
17
20
35
13
17
33
32
26
33
42
46
38
24
39
23
24
58
16
30
37
23
26
13
34
46
37
39
25
45
17
33
54
36
23
16
31
31
27
34
34
30
29
33
33
31
29
28
27
44
38
39
24
51
22
48
26
28
24
34
57
36
47
46
28
41
32
79
52
37
52
59
53
58
38
51
32
37
62
66
43
51
24
54
70
39
57
29
22
47
56
47
33
85
38
40
49
66
35
51
43
37
59
59
56
37
25
39
52
41
32
46
74
45
62
50
42
46
35
47
53
54
75
47
42
56
53
40
49
47
47
62
30
79
55
58
53
59
37
87
41
22
53
41
67
52
37
52
57
38
52
76
59
44
49
40
40
45
45
45
61
60
42
36
47
35
49
49
40
62
90
39
40
34
57
40
72
59
57
43
30
51
39
46
51
45
34
85
72
66
65
60
48
57
54
86
101
40
57
64
32
52
73
37
67
78
45
48
40
61
44
56
50
65
59
52
61
67
46
47
34
47
70
46
41
57
61
48
60
59
47
36
41
56
44
49
30
51
33
72
69
51
72
56
39
34
39
60
57
55
62
37
46
39
48
59
84
47
73
45
60
54
46
73
49
48
55
55
46
54
46
65
41
39
61
47
39
42
52
53
63
52
36
63
32
47
59
49
53
38
39
55
52
61
57
65
39
58
68
48
67
73
37
44
43
53
59
71
43
40
56
38
40
63
66
46
38
40
54
55
76
47
59
55
49
73
74
59
52
45
63
34
48
65
61
47
29
46
42
45
67
40
69
41
55
73
64
33
50
73
60
68
49
46
109
39
53
64
69
59
50
60
32
75
46
43
51
31
57
54
45
53
57
57
61
60
75
29
39
30
42
35
66
46
46
74
56
51
62
49
58
74
47
49
74
56
59
44
35
43
34
78
35
62
43
68
45
57
46
66
33
46
36
47
27
49
53
48
34
52
27
53
78
38
41
58
58
44
58
63
46
61
38
39
52
72
48
49
30
42
44
56
59
68
68
47
37
48
36
91
33
53
34
67
27
47
36
54
77
53
59
49
31
38
27
37
38
57
39
33
53
50
58
52
43
41
30
30
58
59
28
25
44
33
22
58
32
56
67
57
57
56
43
54
64
58
27
69
50
28
47
81
60
36
31
55
70
38
44
46
47
51
40
41
54
41
36
49
45
50
26
48
53
62
37
24
54
53
28
40
30
44
35
45
57
34
35
34
40
31
75
33
38
41
35
57
41
52
30
54
48
34
63
46
32
26
38
39
42
42
36
43
39
41
24
26
36
27
25
28
63
19
44
23
42
37
37
33
44
35
25
54
41
29
30
27
45
28
47
33
37
53
57
43
31
53
31
38
42
27
34
42
22
30
64
30
32
36
38
38
50
30
50
37
44
34
47
31
29
35
29
33
21
61
31
24
47
31
35
35
45
31
30
34
28
35
38
42
25
49
21
44
30
31
25
47
23
31
36
57
30
30
30
62
39
33
40
61
30
42
36
34
44
41
32
41
34
45
26
19
35
33
47
39
21
25
36
26
28
34
40
21
35
39
42
32
39
48
50
54
27
34
37
34
51
30
23
29
46
39
34
43
40
36
46
93
29
28
55
49
51
31
38
36
39
18
26
55
40
33
39
34
38
44
34
54
32
40
40
32
31
27
48
33
26
21
34
30
25
46
29
39
40
37
28
63
42
41
52
25
43
56
20
29
42
29
30
43
29
40
46
39
24
44
34
42
32
39
46
22
36
38
29
40
52
43
32
63
49
42
48
65
65
28
51
32
50
29
38
37
37
40
33
44
20
33
49
28
32
37
28
56
57
25
31
27
35
53
23
44
32
31
33
41
24
27
35
37
42
34
30
19
59
34
32
25
23
28
29
25
46
70
39
65
26
41
37
27
47
44
52
35
40
23
28
24
21
55
48
48
33
31
27
30
29
34
12
32
48
20
36
39
58
29
37
29
17
32
39
29
41
21
17
32
34
24
34
23
20
43
25
39
22
24
29
27
29
42
32
39
19
21
46
34
27
37
21
13
34
26
21
38
36
20
31
22
21
26
46
17
11
21
18
16
32
23
20
28
13
29
63
23
37
20
17
25
12
20
23
12
22
29
28
7
38
25
26
19
16
24
27
30
12
19
18
24
8
11
35
17
24
24
58
5
14
41
23
18
31
24
13
31
17
6
23
10
41
45
26
27
29
26
15
19
7
12
9
12
45
33
25
8
14
17
22
19
15
19
8
16
22
13
17
11
15
9
16
22
14
18
10
28
18
13
18
11
4
8
11
11
12
23
15
7
10
21
15
10
5
10
14
13
28
16
14
12
12
17
4
9
17
4
21
18
4
8
5
11
11
10
16
4
22
11
17
18
4
53
21
15
9
8
2
2
5
22
15
8
19
6
13
10
7
17
10
3
42
7
10
17
8
5
7
5
11
14
8
15
6
10
5
21
9
13
7
13
4
7
19
0
8
9
10
8
4
4
6
7
1
3
14
4
6
4
3
7
5
10
11
6
9
14
8
4
4
5
3
12
16
8
11
12
11
6
10
4
0
9
18
1
5
9
4
7
7
4
4
6
5
5
5
11
10
1
3
16
11
5
6
10
13
6
9
2
2
4
7
9
3
4
6
6
111
10
63
4
6
14
7
8
9
7
7
2
6
1
0
4
9
7
6
5
14
6
17
0
4
4
5
6
5
4
1
19
1
0
7
7
6
3
3
5
4
11
5
2
3
0
7
9
5
3
0
2
5
0
3
4
0
3
2
23
2
5
1
6
2
6
2
3
0
1
8
4
7
9
5
8
10
5
5
6
5
11
3
13
3
4
1
0
3
3
7
2
8
14
8
9
3
4
0
5
2
5
9
4
4
3
13
4
12
8
0
4
9
2
8
2
6
0
2
4
5
11
5
11
0
12
13
5
5
8
5
10
15
11
11
6
2
4
8
5
4
1
17
11
5
3
34
7
4
7
9
6
3
4
6
5
5
15
9
7
8
10
10
11
20
18
6
5
22
7
18
25
10
6
5
7
7
13
5
11
14
11
7
20
22
4
9
15
13
5
21
6
9
9
21
10
8
12
10
7
17
8
7
15
7
16
11
14
10
12
6
9
21
10
19
14
21
5
28
6
16
6
14
12
18
14
24
15
8
19
18
27
27
32
8
10
14
21
12
18
15
11
10
19
14
10
26
31
22
28
12
21
11
8
40
23
11
20
27
14
11
25
32
17
16
17
33
22
23
38
21
20
18
32
18
25
25
16
8
24
16
21
18
26
37
30
21
30
16
19
21
34
31
14
45
36
35
27
20
20
26
17
34
39
27
28
27
21
25
26
18
29
27
27
24
22
44
38
19
38
44
23
28
37
29
36
41
32
31
27
34
56
28
25
35
70
37
40
41
24
38
45
58
25
32
50
55
51
32
33
66
28
21
28
33
37
45
24
62
40
38
54
26
42
35
40
48
36
44
24
57
78
35
60
36
26
35
41
75
38
20
33
41
24
28
36
46
42
47
55
24
56
42
43
34
67
39
25
48
77
56
51
33
30
61
57
58
52
26
21
31
43
37
22
47
37
71
46
68
38
40
36
58
78
26
43
60
36
47
58
44
56
63
62
53
38
55
62
32
69
38
39
45
43
57
54
55
33
47
79
42
60
70
46
65
34
38
60
35
54
84
43
41
50
53
31
50
32
31
51
69
45
71
78
41
72
40
48
35
75
62
53
39
53
48
38
39
45
44
53
83
30
25
55
54
35
58
36
58
60
43
46
42
29
41
53
47
62
47
94
49
43
31
48
45
31
42
40
66
93
41
33
48
74
46
52
42
61
50
107
37
82
77
42
50
60
38
52
35
73
64
55
52
51
36
38
63
43
44
53
43
28
53
44
44
42
42
63
31
34
55
24
31
94
51
62
57
63
32
35
57
65
49
67
55
39
60
46
41
46
38
37
77
49
38
79
84
91
48
53
33
60
56
48
56
66
65
50
50
35
27
49
54
60
65
66
64
44
20
48
68
83
72
43
45
57
56
53
52
42
62
35
56
45
38
24
45
31
57
34
47
87
41
41
80
53
49
50
55
45
45
55
36
33
54
48
74
43
82
71
26
44
74
70
25
60
47
69
65
60
53
53
56
44
57
38
47
66
36
60
49
35
45
37
35
56
29
38
51
32
37
56
24
27
49
53
35
50
29
61
45
65
42
76
39
45
55
48
50
54
69
43
43
24
41
41
66
49
33
74
34
48
48
45
67
64
41
48
55
30
45
48
54
50
56
47
41
35
74
59
52
60
36
45
40
43
45
36
32
71
65
62
41
41
58
32
65
44
28
45
27
59
113
29
48
43
30
53
53
37
52
45
35
34
36
53
67
47
53
43
38
24
39
51
69
51
57
48
44
46
35
37
40
49
49
35
33
56
32
26
23
41
56
40
36
36
59
26
34
46
48
37
51
30
62
35
52
31
39
29
46
53
50
52
42
42
35
40
36
35
63
14
42
30
43
37
57
47
36
60
66
35
33
39
62
47
61
39
24
43
36
47
32
55
38
37
46
27
28
51
60
47
37
43
52
48
41
43
29
53
38
45
34
19
47
42
48
13
26
24
46
59
60
38
24
33
26
61
54
39
38
31
31
51
36
46
33
52
34
22
37
33
59
42
34
30
54
48
33
42
38
33
40
48
58
32
41
53
57
37
54
61
44
58
47
38
49
47
57
24
34
55
34
32
46
47
36
29
34
25
34
36
20
35
24
39
50
47
41
38
34
38
50
55
37
42
36
46
43
41
50
63
62
27
41
46
40
51
28
46
27
26
59
33
35
45
41
20
51
62
31
39
44
27
38
34
23
34
28
31
36
19
57
46
25
42
39
25
27
22
33
51
15
25
27
49
39
45
35
34
45
27
44
56
32
73
32
35
40
26
26
62
41
31
39
48
34
44
53
33
43
40
34
22
22
26
43
30
48
41
17
36
31
54
37
71
35
31
50
44
26
62
47
19
47
40
50
55
36
30
26
40
16
25
61
48
37
35
29
54
44
46
53
46
27
47
42
34
35
42
40
36
18
34
36
33
59
40
36
40
29
45
46
60
23
68
40
37
27
26
27
51
30
48
35
27
33
45
49
54
32
33
31
63
37
25
62
24
35
33
15
35
26
39
48
60
35
52
56
42
56
51
37
19
18
29
42
22
37
32
51
37
35
21
33
42
21
15
30
34
38
39
29
27
28
47
23
27
43
22
32
49
31
49
20
29
40
34
37
37
29
41
18
34
13
40
12
25
44
38
27
17
30
14
13
28
24
26
29
23
25
15
17
19
16
31
31
65
15
23
17
21
18
21
25
17
18
38
39
22
46
26
22
25
27
16
18
26
21
23
17
25
15
20
17
30
35
46
28
30
17
41
21
36
40
25
26
25
19
25
35
16
28
22
25
26
22
37
14
16
22
28
15
17
17
60
17
28
40
15
51
28
12
18
16
18
26
25
12
32
12
17
28
20
8
21
11
17
18
15
23
12
33
18
21
13
19
24
25
28
8
19
10
9
12
14
4
11
16
24
11
7
10
7
9
3
38
37
14
15
37
8
3
20
30
14
16
25
16
13
5
18
22
17
9
12
23
13
30
2
13
11
16
44
6
15
9
9
27
10
14
14
21
10
17
18
3
8
3
3
6
5
8
37
4
10
18
10
6
12
4
22
1
14
6
7
12
4
5
11
8
7
9
9
4
4
6
8
13
15
14
15
11
22
2
5
19
6
26
27
1
9
6
11
14
6
3
10
7
6
6
4
5
2
15
7
8
8
7
6
8
4
9
9
11
3
1
2
19
5
3
11
10
7
4
4
14
17
0
6
2
8
4
6
11
9
5
10
3
1
1
8
28
5
16
3
5
5
8
4
4
7
5
5
23
4
7
13
3
2
7
2
12
13
19
1
10
3
1
5
8
12
12
3
4
17
8
6
1
8
6
2
1
6
4
12
6
8
6
5
2
2
8
3
3
6
3
5
1
4
5
3
12
3
8
12
2
5
8
3
5
5
10
3
8
0
6
9
6
6
2
5
12
19
3
3
6
5
5
8
5
12
4
1
1
1
4
4
6
6
6
14
7
7
5
12
6
9
1
5
4
2
5
3
4
30
4
22
11
12
20
10
6
6
7
3
2
6
11
11
6
9
3
12
4
11
4
14
8
5
10
8
3
2
4
8
8
5
4
5
1
26
4
4
15
11
8
6
7
8
39
8
8
22
7
5
9
17
14
9
12
17
13
11
38
16
9
17
7
19
6
31
20
14
10
35
37
19
19
8
8
6
36
96
25
7
18
8
11
9
21
11
11
17
19
30
13
21
13
39
20
6
24
26
12
31
16
44
17
20
8
13
13
39
15
50
47
16
20
16
18
17
7
18
11
13
11
14
24
15
17
29
9
17
29
13
9
25
15
22
16
14
16
21
26
12
37
16
24
44
18
49
18
13
42
28
17
28
31
28
33
20
28
55
30
25
33
16
23
13
17
20
33
35
27
73
29
35
54
23
28
27
41
22
30
73
27
38
24
32
35
15
20
33
19
45
40
29
52
48
41
64
41
30
23
41
44
31
41
27
39
28
38
30
35
30
32
22
26
65
47
41
16
35
34
46
59
49
57
32
41
53
51
22
15
18
48
40
51
32
60
42
47
88
62
55
52
58
37
45
28
44
62
40
49
32
59
57
49
36
38
59
30
36
35
75
76
39
34
41
34
86
34
51
42
36
45
77
37
54
68
43
81
67
52
61
61
61
55
56
54
45
61
40
40
54
58
57
62
58
66
58
66
54
55
64
52
48
22
51
56
61
54
55
54
58
62
38
76
53
52
54
82
86
86
59
98
50
67
61
64
50
77
72
50
63
75
78
42
60
68
52
72
80
66
34
71
32
58
76
48
52
62
60
67
48
44
52
48
67
60
57
40
44
48
75
60
61
72
64
72
68
44
58
46
56
39
49
55
68
49
93
45
47
32
50
54
59
59
42
58
53
52
54
59
75
69
51
43
46
43
42
59
65
47
68
44
71
60
62
71
61
51
54
71
49
63
74
52
55
51
47
37
40
67
44
44
52
59
61
66
82
58
53
41
54
58
64
76
61
29
40
58
58
48
97
32
89
54
53
39
42
33
101
49
45
54
73
60
64
59
85
54
57
48
77
103
62
55
41
60
75
53
64
73
61
43
58
50
48
42
67
62
62
51
55
58
59
47
48
76
41
51
66
45
65
49
75
46
47
66
50
41
57
48
88
64
62
77
38
50
43
44
98
81
54
42
46
31
50
45
49
66
50
44
71
83
77
79
95
44
49
47
66
44
43
52
62
59
67
34
51
45
56
65
44
75
59
60
37
53
41
43
64
65
76
50
61
52
35
32
61
39
50
43
33
51
57
53
69
58
58
70
31
73
76
53
56
46
46
50
40
33
37
35
62
32
37
44
46
35
64
27
55
117
48
41
48
42
45
34
60
43
71
91
43
58
60
44
40
59
51
44
64
48
37
67
39
55
48
49
77
40
43
61
34
68
55
37
69
82
47
44
54
40
72
70
51
40
42
62
49
35
59
58
56
30
82
46
51
38
42
36
61
51
70
47
40
36
55
33
52
49
22
47
40
79
71
67
67
52
47
50
58
27
36
38
44
47
48
36
33
79
56
46
59
27
35
47
41
25
28
46
55
56
56
27
63
19
54
44
30
37
51
54
56
60
32
52
60
57
52
48
39
53
50
50
45
40
48
49
31
39
50
50
46
29
69
55
28
20
32
46
34
25
49
31
46
33
47
42
35
70
45
51
46
60
41
26
63
19
26
39
33
46
19
73
29
44
36
31
51
44
25
54
25
35
29
49
36
36
34
52
32
40
24
31
33
44
39
49
35
32
58
42
38
45
32
46
45
18
30
36
41
42
30
48
49
42
27
31
53
58
35
41
30
42
25
41
30
37
72
36
24
36
44
59
63
31
47
25
38
36
41
40
54
53
31
19
38
47
50
50
47
42
25
78
37
20
29
45
27
32
46
34
39
39
43
52
28
43
29
30
70
66
34
43
35
18
33
59
44
37
35
36
43
63
20
35
50
42
40
27
31
21
47
25
30
45
82
39
36
29
43
53
52
41
47
62
38
30
47
45
29
26
59
38
44
34
43
40
47
39
49
44
31
49
27
34
21
15
43
34
42
39
54
43
34
41
59
32
42
40
37
45
43
40
42
52
36
79
38
47
46
25
25
121
41
36
57
24
46
46
60
17
22
42
34
62
81
32
28
54
36
36
51
40
25
35
33
26
30
74
36
38
42
47
58
35
37
29
36
32
50
45
34
31
54
71
36
56
54
29
33
40
46
30
34
58
38
66
34
26
22
58
33
41
28
35
14
57
39
47
26
24
32
35
18
37
40
37
53
42
55
25
31
54
41
31
34
44
32
39
34
38
25
61
47
53
23
39
29
39
36
39
62
28
54
45
52
35
48
29
25
25
30
32
38
36
32
24
27
13
26
35
8
16
28
27
18
69
34
48
31
47
34
20
47
45
51
41
23
16
14
17
30
35
33
34
31
26
22
13
39
24
43
33
20
25
38
21
12
26
24
18
37
33
22
35
25
16
31
12
76
21
81
55
34
23
26
21
21
15
19
57
38
28
16
45
21
15
27
25
20
34
17
22
30
9
13
62
10
12
32
23
20
24
12
13
13
15
10
37
15
12
58
16
20
17
30
8
29
9
18
9
16
13
21
27
35
11
20
10
23
21
17
12
18
14
25
6
14
18
16
18
15
9
9
12
10
22
17
54
12
11
21
34
10
14
17
21
10
11
5
9
6
15
6
26
14
16
4
25
18
14
6
17
18
19
14
26
15
29
6
14
10
44
22
16
5
11
11
28
31
31
14
8
15
9
3
6
17
10
17
9
11
20
6
6
12
5
5
13
8
4
8
7
3
3
18
7
3
12
0
6
4
4
6
25
10
4
11
9
4
5
4
5
18
6
9
15
9
10
10
20
8
6
9
16
14
9
9
1
10
15
9
9
7
8
5
7
5
8
5
4
14
23
19
7
18
11
11
9
11
10
6
9
17
10
10
10
5
2
1
14
8
5
32
6
12
9
5
7
4
4
6
10
2
3
2
1
9
4
2
4
3
26
13
7
3
7
6
11
3
7
17
8
6
5
1
12
3
9
1
7
3
6
6
7
10
14
20
6
2
4
12
24
11
11
8
4
3
4
4
17
3
4
1
0
6
4
2
5
4
13
4
2
11
3
6
3
8
1
8
8
5
11
7
10
11
1
5
2
7
5
1
9
7
14
15
3
3
2
4
4
4
5
5
5
4
8
7
5
18
18
1
2
4
3
3
5
5
6
8
3
13
0
3
13
4
3
8
10
14
6
9
22
15
12
12
12
9
6
11
17
7
6
5
15
2
8
12
9
2
17
6
8
7
6
11
8
3
5
5
15
9
5
4
16
3
11
31
10
6
12
12
18
5
12
11
14
20
12
6
14
11
9
6
21
9
10
7
23
14
2
13
17
14
9
10
12
11
9
4
7
9
13
9
13
17
15
6
10
17
12
35
12
7
13
24
8
20
17
6
11
25
8
4
15
9
10
11
7
8
12
17
29
9
14
11
17
17
12
27
11
23
29
18
11
21
19
19
17
17
19
22
54
32
18
21
13
14
29
16
16
23
15
10
31
12
22
27
28
66
7
31
21
13
27
34
19
16
27
25
26
22
18
21
20
25
80
19
16
25
25
17
39
28
18
21
34
20
27
38
22
29
46
28
32
30
20
15
24
24
23
33
28
36
33
38
39
39
18
52
35
28
27
49
20
25
22
41
29
47
26
36
26
47
38
29
43
59
35
44
62
44
35
47
25
35
60
41
43
43
33
36
43
36
49
30
50
53
33
32
36
40
72
41
50
56
43
51
62
45
61
35
38
40
58
52
49
31
44
53
69
36
56
31
36
51
50
41
68
46
53
35
43
44
52
44
32
50
49
63
45
60
51
43
53
66
67
60
53
61
54
73
77
44
48
62
42
31
51
44
83
54
60
63
55
62
58
40
59
62
50
65
46
53
42
57
100
51
45
58
49
54
55
54
46
56
46
60
58
86
62
63
61
48
59
181
62
38
25
59
78
58
51
54
52
49
52
56
68
53
56
57
40
67
57
62
51
52
47
75
57
57
44
67
51
58
55
52
46
38
82
87
103
48
70
64
77
73
87
70
65
51
53
52
51
70
104
69
44
49
62
49
55
69
57
67
93
58
40
68
62
55
75
61
79
90
68
66
68
70
58
62
63
62
45
61
56
67
49
78
84
49
55
87
83
35
54
39
69
47
75
72
54
43
57
44
72
56
58
66
58
58
60
51
39
53
78
77
38
48
77
40
46
53
61
54
37
54
57
63
42
85
56
49
72
48
52
60
53
51
72
49
55
64
72
58
46
74
73
48
48
31
56
61
149
78
62
60
39
39
94
60
45
63
85
64
58
66
39
82
50
73
70
59
90
59
50
62
75
107
71
49
65
168
51
45
31
71
66
85
49
43
74
60
86
57
60
102
47
78
60
63
76
45
65
64
49
51
54
54
85
67
72
75
84
47
54
61
55
49
72
55
63
59
49
63
64
57
40
76
35
53
65
52
38
55
48
36
57
57
56
51
75
58
36
48
52
46
53
50
58
43
53
66
58
45
67
66
52
53
37
44
52
49
66
56
60
71
71
63
52
56
62
70
33
72
59
59
23
50
50
35
63
73
51
40
73
62
42
44
54
69
33
43
50
61
64
64
72
41
55
51
39
47
64
55
58
47
33
43
61
53
59
47
38
56
74
51
34
54
46
64
51
69
44
47
65
59
55
44
74
54
50
54
32
35
41
55
75
44
49
76
65
58
44
64
48
57
64
90
50
52
73
49
73
111
58
63
80
56
63
39
63
50
69
43
52
81
52
59
61
48
73
52
54
60
55
68
70
57
39
64
41
60
50
44
82
77
50
222
58
88
60
45
153
41
40
55
65
41
60
48
59
57
61
68
49
93
48
53
53
42
79
58
68
63
48
45
50
46
37
72
48
56
34
63
40
42
36
103
43
58
44
42
34
46
50
47
38
50
43
25
33
55
47
43
32
47
33
26
27
46
73
24
18
22
30
25
34
42
44
27
46
34
33
45
24
41
30
63
31
49
36
40
59
33
24
34
40
38
37
35
17
41
51
40
24
41
56
46
36
36
37
48
48
22
18
44
29
45
52
16
29
26
36
47
25
38
35
29
28
22
26
40
6
22
44
39
26
38
27
45
40
32
22
70
60
20
48
23
34
40
42
38
36
37
26
30
48
41
21
53
46
26
36
48
30
34
49
27
48
36
46
44
25
28
58
43
33
29
44
38
25
23
37
32
53
54
37
42
33
48
27
37
38
25
32
31
30
31
52
32
47
48
28
26
23
27
87
47
31
42
37
43
22
27
33
29
32
38
32
38
33
30
29
36
36
26
47
48
36
14
23
51
30
35
27
24
46
44
38
25
49
24
27
24
22
23
25
20
28
33
29
41
22
14
55
35
23
21
31
37
28
34
33
50
30
22
48
31
43
32
43
36
28
18
26
22
44
28
34
21
34
21
50
66
26
22
15
25
31
15
32
46
37
35
39
39
36
25
30
41
22
27
48
20
56
26
19
23
25
22
22
39
58
35
45
38
21
34
34
24
43
40
17
23
43
49
24
25
23
21
19
49
24
27
26
39
24
13
17
12
26
26
14
26
26
22
21
68
25
23
34
34
39
34
34
18
38
44
22
46
30
24
24
26
32
28
11
27
26
22
22
23
25
46
51
19
32
39
30
28
27
27
20
23
24
19
26
47
38
30
18
18
30
17
13
15
82
63
27
28
17
17
14
24
38
29
21
18
25
29
19
43
54
23
13
24
14
8
19
24
36
33
22
23
17
7
23
29
24
22
26
17
28
22
39
13
21
17
45
13
19
17
11
11
37
12
16
8
24
15
23
13
33
13
8
15
15
26
24
11
16
24
11
5
15
37
12
7
7
30
14
33
15
15
16
2
10
21
13
19
17
15
11
11
5
5
11
21
16
27
2
4
16
36
7
4
26
29
5
8
10
8
10
14
17
13
1
7
37
22
15
3
13
9
12
18
11
6
14
13
15
7
12
3
10
13
3
3
13
24
22
22
13
15
10
13
11
6
6
8
18
15
3
3
9
9
10
12
8
4
2
7
8
3
2
9
5
7
1
3
2
12
9
4
9
11
8
14
4
8
9
5
6
4
2
7
4
3
6
6
5
1
9
14
9
7
14
8
8
4
8
3
2
3
13
7
5
5
7
20
15
3
15
6
7
5
6
7
0
17
12
4
3
4
5
3
5
4
4
9
11
4
2
5
7
4
13
11
11
7
6
13
3
9
3
4
21
2
7
4
15
2
2
2
13
7
20
5
9
5
10
1
17
6
9
3
8
15
8
5
5
5
11
7
2
1
1
1
3
0
7
2
3
2
1
3
8
9
6
13
3
2
1
16
0
3
3
3
3
5
8
1
7
7
2
4
1
3
4
7
0
6
10
5
1
6
5
4
2
0
3
2
5
6
5
2
3
6
0
5
4
9
6
4
7
3
12
7
3
5
6
4
5
0
4
0
5
1
0
5
2
9
6
16
3
5
1
5
15
3
4
5
13
0
3
0
8
2
1
4
6
7
7
13
5
4
5
4
4
15
7
9
4
6
15
3
3
11
3
5
1
3
1
6
4
3
8
3
8
15
10
6
5
2
12
2
7
9
9
9
5
6
1
9
7
7
6
7
12
5
7
2
8
29
8
21
16
9
13
14
17
2
9
9
10
14
19
12
7
8
13
8
10
6
5
14
17
15
10
15
10
10
41
7
11
16
10
36
13
10
6
13
13
14
13
18
19
10
19
10
17
16
20
9
7
7
9
27
9
17
26
22
9
17
20
18
19
24
11
13
13
26
16
20
12
22
11
48
12
34
11
21
28
24
11
37
17
24
31
19
18
14
23
33
20
29
22
16
27
22
29
27
30
27
37
14
15
20
30
20
28
42
31
18
26
24
25
25
21
38
39
25
37
36
36
22
18
17
23
32
23
38
36
20
25
58
38
22
30
40
38
47
29
44
41
34
49
49
34
25
23
30
35
25
33
32
28
34
25
50
37
42
50
53
40
55
23
28
37
44
38
44
51
34
54
34
32
41
43
48
30
33
37
68
50
40
34
27
50
71
24
37
67
40
49
27
44
44
28
45
47
36
62
17
43
46
77
34
37
54
39
35
44
52
54
38
54
68
40
31
74
71
28
23
67
71
42
56
46
67
43
29
38
43
67
40
47
29
40
94
29
61
38
57
65
26
22
42
46
91
68
63
46
53
32
54
50
58
55
84
66
47
55
39
59
68
65
47
46
32
58
66
48
51
85
51
45
53
54
61
62
31
61
41
49
32
44
52
45
66
63
52
39
57
59
69
91
83
66
56
64
41
58
39
53
67
62
48
39
49
58
53
46
46
45
51
40
60
50
56
63
47
42
69
36
86
56
57
56
69
40
60
47
56
38
51
42
41
45
47
66
67
90
49
42
98
66
75
35
49
46
45
30
52
69
76
48
79
38
57
66
113
78
52
46
97
66
39
106
67
72
70
72
64
41
46
40
64
68
50
54
75
77
49
45
48
42
62
75
65
45
49
61
36
57
47
34
57
61
55
84
61
39
104
62
43
54
51
65
46
34
41
59
54
70
50
50
42
46
51
59
50
55
76
53
39
82
52
41
44
44
61
44
78
43
55
61
45
51
70
76
47
51
47
44
67
84
92
79
56
48
65
56
40
54
45
69
52
52
62
56
47
81
41
55
43
49
61
50
33
55
53
66
48
58
46
76
56
41
41
54
52
59
63
70
46
58
47
54
88
49
80
66
69
55
61
35
53
57
41
51
47
69
36
33
35
47
57
50
50
38
92
61
48
58
53
47
83
34
43
40
21
40
53
49
58
44
50
56
43
47
61
55
44
62
35
52
40
68
43
103
34
40
41
49
50
58
50
71
33
42
67
65
51
54
78
51
44
92
57
49
65
62
45
57
37
56
62
34
54
48
52
53
62
74
43
76
39
51
47
48
38
47
45
39
45
43
46
78
45
50
41
38
49
52
38
42
65
42
29
49
61
41
26
27
41
46
40
41
47
54
36
39
47
35
73
27
53
46
66
72
48
34
39
38
64
52
26
66
45
57
40
32
64
43
37
63
38
44
23
55
82
49
78
21
44
38
29
33
63
24
66
54
40
43
58
53
42
42
25
64
31
49
37
42
65
41
42
38
46
39
49
41
46
57
53
34
57
47
23
49
75
35
27
46
32
24
42
48
37
35
35
38
46
23
74
67
23
35
51
25
22
41
56
35
56
35
32
31
43
25
30
66
55
27
38
31
38
33
37
28
27
30
27
40
27
49
32
30
34
33
30
29
34
25
27
35
36
43
39
32
48
31
28
47
37
36
33
70
24
46
32
38
18
35
37
43
24
81
30
24
29
16
38
28
27
32
55
32
39
73
34
27
30
26
41
22
36
27
30
50
33
37
51
16
26
38
37
29
26
29
19
33
48
40
41
73
40
27
33
49
21
21
30
54
45
19
19
20
23
35
48
48
24
45
24
65
22
39
39
48
30
27
33
36
33
22
46
26
29
45
30
10
27
45
26
28
48
30
27
33
33
30
67
26
30
32
32
52
22
43
21
21
31
37
18
37
32
28
12
48
38
24
35
28
10
21
30
36
22
36
36
21
28
20
26
24
29
34
20
43
41
15
36
18
23
17
27
36
37
26
30
14
29
44
25
7
28
42
45
36
75
29
38
29
27
23
20
23
31
15
24
20
35
31
35
17
57
27
16
27
39
35
33
19
21
40
17
34
31
27
42
28
18
44
19
21
18
28
34
18
35
28
23
19
22
26
30
30
31
29
12
33
31
31
39
29
17
41
36
38
31
30
32
111
21
19
20
14
26
25
24
20
25
29
32
23
19
19
34
30
11
27
11
14
31
23
29
33
22
22
23
19
18
35
22
36
17
16
23
23
17
14
27
9
19
21
20
17
31
16
29
26
20
42
36
25
23
23
34
22
11
27
16
18
31
27
20
13
18
33
21
33
30
57
30
24
18
19
28
55
18
10
21
17
10
28
19
27
16
29
12
19
9
17
17
10
23
15
11
23
14
13
20
9
10
21
19
24
15
11
25
23
23
12
17
41
18
8
13
26
12
20
22
12
11
16
19
8
20
8
16
26
20
9
21
19
4
8
22
14
4
10
23
14
11
13
24
12
21
6
10
24
24
17
30
12
27
16
6
8
13
18
8
10
8
8
11
14
7
23
8
16
14
8
12
6
4
12
7
10
13
20
7
8
7
8
9
6
6
27
6
17
25
7
16
5
18
14
8
5
6
41
7
4
11
15
10
13
7
14
19
16
6
7
18
10
10
5
7
17
2
20
10
11
16
12
32
16
7
6
9
15
3
4
4
10
1
7
6
14
13
3
3
3
4
13
4
7
8
4
5
2
5
8
7
4
1
5
5
2
12
4
1
2
9
4
19
11
7
1
5
3
6
6
10
5
13
2
16
13
2
5
2
4
4
7
5
3
6
8
4
3
0
5
3
0
2
9
10
0
9
0
2
3
2
15
10
13
6
5
9
1
3
5
8
7
15
2
9
1
1
5
7
1
4
0
2
4
2
1
4
7
3
4
1
2
15
5
8
8
1
5
8
4
3
3
4
1
1
6
12
4
1
10
4
5
7
4
2
5
3
7
1
5
5
3
3
3
5
12
10
1
4
8
4
8
5
6
0
6
4
3
4
0
3
9
3
1
4
8
2
3
4
1
4
5
4
2
0
5
2
4
1
4
5
0
3
5
11
2
2
9
6
2
4
8
4
0
1
2
6
4
2
7
7
4
6
5
1
1
4
2
2
14
0
13
1
7
0
3
4
6
3
11
3
2
4
1
2
4
4
2
4
1
4
11
3
8
2
2
7
11
5
27
5
2
9
5
0
1
6
4
8
4
7
4
1
5
11
2
12
16
12
2
6
9
10
6
5
17
3
6
2
12
11
6
9
3
10
1
11
8
12
9
9
5
9
6
4
7
8
13
8
17
8
9
19
8
6
3
11
6
5
10
5
19
7
4
16
8
5
6
3
9
6
10
19
10
7
7
6
9
12
11
6
11
13
7
18
19
8
20
27
27
22
18
14
17
13
22
7
25
14
13
33
17
16
14
30
23
15
31
22
31
19
16
22
16
13
22
10
18
15
14
22
7
24
28
23
27
14
15
13
15
11
15
23
21
23
31
46
24
24
12
20
20
18
20
19
22
21
15
35
46
19
19
23
42
36
49
36
15
26
22
20
21
32
32
26
28
49
23
44
27
18
28
23
53
12
22
23
42
32
44
41
50
26
29
36
27
38
34
28
24
46
31
30
32
39
24
42
19
23
34
38
36
29
28
40
33
40
42
30
37
31
53
34
20
41
38
40
41
47
37
25
50
23
57
34
27
20
34
50
40
39
41
51
24
38
33
49
39
63
34
42
42
49
46
83
29
40
49
43
39
21
47
34
57
43
44
56
50
43
37
47
39
21
32
52
39
34
40
57
48
44
32
58
64
73
35
60
37
42
39
45
42
47
40
50
52
37
44
52
41
44
57
53
53
24
58
36
61
29
49
57
44
38
46
36
52
62
45
60
52
41
33
54
38
42
56
50
28
61
50
36
34
49
56
52
32
60
43
31
53
33
46
45
44
39
38
31
24
56
38
61
28
34
39
58
48
40
49
46
21
39
33
42
36
25
55
73
63
20
44
47
57
64
66
79
43
44
78
69
61
67
68
51
27
63
73
29
40
35
50
73
50
74
43
39
42
38
59
82
35
77
53
60
37
74
92
48
52
51
66
41
67
44
47
53
53
68
43
20
43
43
50
77
49
39
55
45
45
71
53
65
47
51
56
46
47
43
62
39
44
45
45
33
41
53
30
50
36
46
57
66
52
57
57
36
39
43
42
30
55
44
53
47
78
40
59
104
53
81
45
51
45
47
36
43
35
24
69
36
51
51
61
40
42
72
49
44
42
74
53
48
30
50
34
57
78
64
46
48
62
67
50
63
44
41
34
38
64
46
38
48
41
54
66
44
57
72
38
45
42
62
67
66
47
47
61
32
45
53
49
67
45
82
52
54
57
64
49
66
51
60
42
51
94
18
53
52
49
52
40
32
39
77
73
40
38
59
83
50
50
79
50
32
39
48
55
42
58
39
55
43
81
66
44
59
43
59
51
36
47
60
53
53
55
50
63
63
73
54
39
45
36
56
39
47
64
42
57
31
51
59
51
39
46
33
38
76
29
36
39
65
47
34
69
18
41
28
41
59
66
31
50
64
39
42
39
75
37
53
44
63
44
43
50
44
28
71
41
41
33
39
41
54
51
43
46
38
60
40
52
47
50
43
61
37
48
43
44
43
42
39
51
56
32
47
25
30
71
35
45
163
38
43
32
28
34
41
24
58
44
35
34
34
23
30
48
55
27
43
36
68
44
27
45
42
25
45
27
51
46
58
27
47
17
34
46
33
55
52
31
52
34
39
48
30
46
32
54
38
35
51
24
36
32
32
42
44
63
24
32
22
26
45
24
145
24
40
61
35
31
45
43
57
50
17
46
27
30
32
54
36
42
41
20
42
90
40
29
34
38
39
24
30
24
50
47
30
14
39
31
44
37
46
28
41
28
35
27
22
55
135
44
34
46
41
28
44
66
58
38
29
26
37
60
31
36
23
40
32
35
35
28
47
31
35
48
37
60
33
16
52
47
26
32
66
45
56
34
43
44
35
40
32
29
26
40
34
50
51
36
43
38
49
20
42
73
49
42
41
42
45
39
63
41
35
44
13
31
53
41
36
34
47
47
54
44
31
36
53
40
50
34
20
39
44
36
32
39
22
30
41
54
29
29
73
66
21
36
35
38
69
34
54
35
37
32
64
53
33
77
52
44
23
31
27
33
30
30
27
41
32
51
39
54
48
31
41
41
53
43
35
51
62
34
27
37
41
35
23
40
24
49
20
65
20
61
33
32
32
29
18
30
43
28
26
38
20
71
63
65
42
33
27
22
23
32
24
41
24
43
30
45
24
27
21
20
58
36
36
28
24
25
47
20
28
36
29
31
35
16
15
29
17
31
44
67
29
38
20
16
24
35
45
44
30
15
30
31
39
26
33
19
38
29
63
41
20
32
26
39
20
19
20
23
29
26
30
28
16
31
42
36
27
15
23
20
13
36
29
25
24
22
30
52
29
32
46
26
34
21
17
61
29
32
20
26
29
28
32
12
37
17
59
24
20
20
41
26
16
25
20
24
37
27
16
19
5
27
37
30
28
28
27
19
22
39
37
17
39
44
24
12
16
26
23
45
20
23
17
22
19
11
10
22
14
16
24
15
17
18
32
28
12
19
13
18
16
15
13
29
10
5
14
8
32
15
4
18
14
22
29
10
8
18
2
20
10
13
13
18
10
6
2
24
8
24
20
18
8
13
10
19
7
15
7
13
18
24
25
16
11
5
1
14
16
12
13
14
8
9
9
23
9
19
16
9
12
4
11
10
4
12
3
5
6
19
6
10
9
11
14
1
9
4
9
16
5
8
7
10
14
5
12
5
6
28
8
16
8
16
6
7
8
7
4
3
12
13
11
2
11
3
4
14
6
4
25
7
9
10
1
1
2
5
10
15
6
5
4
3
8
8
1
6
10
10
2
4
29
7
6
5
6
10
2
3
3
1
7
3
2
4
13
0
1
5
0
3
3
4
3
0
11
6
11
14
3
13
1
3
1
6
4
9
8
3
1
6
8
8
4
7
4
6
1
8
0
1
2
3
1
4
6
5
2
1
4
2
0
7
9
6
3
3
1
7
4
6
1
7
4
13
14
8
9
7
1
0
9
1
1
4
6
5
4
4
7
0
8
4
3
8
4
8
3
3
1
1
4
0
2
13
3
0
3
3
8
0
5
0
1
10
3
2
1
10
0
9
2
9
8
0
17
5
3
9
1
3
6
7
14
5
1
3
3
9
1
12
3
3
0
2
4
5
6
5
2
6
0
3
3
17
4
3
2
5
1
0
0
1
7
1
8
0
4
3
6
0
4
1
1
4
2
0
4
2
9
2
6
3
15
3
3
6
2
3
4
4
19
9
3
3
3
0
13
0
4
7
2
10
5
8
5
3
4
6
4
2
7
10
3
6
11
6
4
3
10
15
9
10
6
12
10
5
9
2
2
5
8
1
13
5
1
7
6
4
6
4
2
4
16
8
14
9
10
7
12
12
6
5
18
15
12
14
8
18
9
13
9
17
27
18
9
14
21
9
12
22
5
13
6
5
7
9
8
11
12
10
13
10
6
18
25
15
31
14
13
11
21
16
19
24
8
22
15
13
51
18
26
22
12
12
4
10
13
15
4
14
10
21
12
19
3
14
27
24
15
11
29
18
53
32
26
28
28
27
25
15
19
22
16
22
23
46
39
20
29
27
22
35
31
5
34
31
17
28
24
15
27
18
18
14
40
25
24
32
28
33
33
29
33
28
47
41
27
57
17
37
22
32
28
38
23
38
38
36
22
35
27
48
13
29
36
22
26
41
39
50
51
21
32
39
58
37
26
24
21
41
34
24
31
55
41
33
38
22
53
36
54
39
41
64
49
50
48
44
58
43
33
38
54
45
45
56
43
50
36
38
50
30
44
42
41
41
38
58
69
44
61
66
53
34
42
49
33
45
44
37
45
54
37
43
57
39
41
40
36
55
60
48
49
57
55
40
53
76
33
56
58
77
78
56
40
58
61
35
50
70
52
56
82
76
41
52
25
61
65
49
45
56
61
49
75
52
53
56
53
38
42
44
46
39
39
38
55
86
66
63
50
47
55
48
75
48
52
30
60
43
59
57
41
65
39
55
54
55
53
51
58
65
36
85
49
39
76
67
56
24
61
56
56
39
48
37
44
37
27
66
41
38
40
45
50
48
53
31
31
60
73
47
40
66
53
53
58
29
41
61
56
44
78
61
48
42
34
53
49
56
35
70
53
38
36
55
55
54
52
39
67
46
57
72
23
62
75
27
53
64
49
46
50
56
40
42
31
44
34
43
52
46
29
37
32
33
39
39
51
35
59
47
36
52
40
102
53
55
60
56
37
49
46
41
67
42
80
44
38
57
43
55
53
37
50
44
48
57
71
26
45
60
44
59
46
102
41
33
32
34
39
34
40
55
52
81
61
60
26
65
49
43
29
37
31
60
57
57
21
58
52
49
72
37
48
58
24
42
39
56
40
32
44
29
36
47
54
66
45
60
40
35
50
70
50
35
55
62
68
71
44
41
50
33
46
29
29
70
109
34
53
84
36
63
47
51
45
46
70
50
40
43
66
58
40
46
46
43
41
48
34
30
48
49
31
79
64
40
31
39
46
50
63
37
63
73
49
47
55
52
42
62
57
75
45
39
24
45
53
64
41
50
41
34
25
36
42
52
27
44
65
74
65
51
33
50
39
34
42
61
44
31
54
43
41
57
50
29
32
44
37
33
34
72
44
38
46
22
58
38
43
49
34
30
42
34
32
57
56
39
78
44
46
31
52
61
44
55
37
50
52
43
61
53
69
47
29
45
29
121
57
34
55
35
32
47
45
68
29
34
35
46
22
37
31
56
39
56
27
43
53
34
32
63
32
57
52
54
44
32
40
44
45
41
36
55
29
49
37
29
46
34
35
45
38
31
56
49
50
34
46
41
55
45
61
55
33
42
58
29
32
39
26
54
58
46
63
25
60
47
57
23
45
35
39
40
26
47
31
38
37
24
42
42
33
25
50
36
25
36
37
43
15
42
36
43
29
37
39
24
52
31
37
43
40
32
35
28
53
19
31
22
32
28
36
43
33
33
47
53
39
28
30
38
64
24
49
45
40
47
43
56
42
34
43
21
32
23
58
26
41
33
63
51
27
23
25
29
65
36
40
45
45
26
31
38
44
39
36
86
83
44
46
33
23
40
35
42
34
39
24
43
26
32
29
55
50
48
37
43
32
22
29
54
39
29
53
33
46
47
37
35
37
38
32
49
30
18
47
23
42
50
70
72
31
34
27
52
39
38
33
30
27
34
24
34
30
44
37
40
31
37
25
55
64
51
33
49
27
36
69
28
57
46
33
27
37
30
51
58
17
30
28
37
42
38
25
40
32
21
32
37
41
51
48
49
40
40
61
28
46
29
27
36
31
42
51
64
30
38
44
47
25
74
59
41
52
39
52
49
28
33
23
45
45
68
41
56
34
34
25
21
43
22
32
44
69
33
44
24
30
49
38
30
38
38
22
27
59
26
31
40
42
54
48
48
39
33
40
76
32
44
30
30
31
20
43
34
26
57
27
50
24
42
26
62
26
39
29
24
42
36
35
34
58
45
37
34
30
34
29
25
50
33
37
30
32
37
24
13
13
31
32
19
40
17
28
18
16
23
20
28
17
25
13
27
22
38
15
19
14
17
31
30
20
13
26
17
36
17
28
31
50
16
24
18
16
9
18
14
31
23
23
16
42
42
17
13
13
24
35
30
24
16
26
19
14
48
40
25
29
47
22
26
22
37
29
23
11
16
31
28
51
20
24
12
12
18
31
17
9
24
21
17
24
14
14
29
24
32
24
14
21
32
10
18
21
13
22
21
15
26
7
15
12
16
8
17
31
22
13
27
23
8
11
8
18
23
9
4
11
18
35
22
16
22
15
15
19
20
16
13
16
9
20
9
19
14
6
8
12
13
17
10
17
16
9
10
12
16
8
8
8
12
19
12
13
13
51
10
27
24
14
6
16
10
18
7
8
33
12
6
14
17
7
10
15
5
4
24
10
20
15
21
7
14
9
18
7
9
9
8
11
7
9
1
12
18
14
9
5
8
26
21
7
2
10
27
7
10
10
3
17
11
16
18
16
4
2
4
5
6
8
27
8
10
7
14
17
12
7
6
14
3
15
5
2
27
5
7
4
3
8
9
7
6
4
11
8
8
8
13
2
5
19
2
7
4
1
3
8
2
3
2
4
0
6
5
10
5
1
3
14
7
5
15
4
6
3
5
7
11
3
2
7
9
2
3
4
3
1
2
7
5
3
0
4
2
5
9
7
2
11
4
0
5
11
1
3
6
2
3
7
13
9
5
9
13
5
4
10
4
3
3
3
1
11
5
1
17
3
3
3
4
6
4
5
5
3
5
9
4
17
1
3
3
0
1
13
0
4
3
6
4
4
3
10
5
2
3
7
9
3
9
18
3
4
5
2
12
7
6
8
1
4
0
3
7
3
14
1
2
4
7
2
7
5
12
10
7
6
3
3
7
9
2
3
1
2
8
7
4
8
7
2
9
1
14
3
10
2
3
1
10
10
8
6
7
3
2
1
10
2
1
3
11
13
5
13
5
10
8
8
5
10
3
6
6
19
14
5
3
6
10
9
15
33
7
2
16
2
5
10
13
9
7
8
16
7
11
8
9
7
17
11
9
13
10
9
14
3
22
3
12
7
3
14
3
11
10
9
9
12
41
11
15
14
24
32
13
21
5
27
18
13
8
14
7
27
4
6
10
8
20
19
12
7
19
22
14
12
9
47
9
19
24
5
35
17
22
27
22
17
11
23
12
26
16
16
35
11
19
18
8
27
19
19
19
27
35
28
25
25
28
39
38
18
28
20
23
28
8
28
15
15
37
15
15
15
16
12
14
21
21
24
27
21
14
14
23
18
34
33
23
19
35
25
35
50
27
37
36
25
21
14
28
32
35
16
33
44
30
23
22
15
38
30
22
40
19
32
11
42
25
33
31
25
37
56
32
35
35
27
37
50
28
21
30
64
45
35
28
35
35
41
41
60
45
44
45
51
46
53
44
55
44
46
43
27
35
66
40
48
34
55
68
87
43
37
39
49
46
45
35
42
47
60
37
63
67
67
50
40
55
40
45
28
49
55
44
72
68
69
42
71
59
55
63
37
75
35
43
58
78
61
77
75
51
58
43
39
52
77
61
50
61
65
65
58
44
44
39
87
50
45
56
62
54
66
49
47
51
36
54
73
68
46
45
49
55
70
51
52
62
48
72
34
31
65
55
80
40
44
50
42
70
57
52
59
47
32
40
43
48
53
82
98
41
55
60
64
60
35
108
58
80
103
86
63
37
77
66
69
71
70
58
67
79
60
76
72
91
76
50
68
51
52
77
75
52
64
75
57
86
33
72
50
43
43
51
67
57
71
66
57
82
42
51
70
57
76
80
57
65
61
81
54
72
65
45
63
63
43
53
60
89
82
42
47
78
47
45
66
41
52
74
82
46
65
39
156
77
70
69
99
70
58
62
63
48
75
55
53
48
67
47
77
41
46
27
73
57
34
49
41
57
59
36
54
49
54
42
37
46
29
28
34
40
59
34
44
44
170
46
50
51
57
48
95
55
76
40
31
42
44
58
50
37
55
64
39
51
36
35
65
76
34
64
92
66
44
71
60
70
47
37
78
75
55
83
54
37
43
37
51
60
38
77
49
60
48
69
60
55
69
61
38
68
34
53
43
63
59
45
56
47
40
51
59
51
48
38
50
34
59
43
57
64
48
72
34
66
33
37
76
65
38
48
42
56
39
54
73
51
33
56
69
26
48
53
44
37
80
39
56
53
69
28
54
50
57
62
44
55
80
71
78
30
54
41
51
68
58
58
66
65
41
35
50
37
47
54
54
48
75
51
51
42
38
73
30
36
50
38
40
43
81
50
45
43
28
29
33
67
31
50
64
49
52
44
74
34
57
56
64
36
49
42
49
47
35
40
46
55
31
45
48
34
51
35
44
51
42
36
74
36
59
42
38
59
103
27
46
42
22
42
48
48
30
48
46
84
38
59
38
25
28
37
55
44
58
41
44
49
51
25
45
26
82
56
50
36
47
47
42
42
35
34
47
63
43
39
49
30
45
55
55
60
41
37
48
33
58
26
19
42
61
41
48
31
64
47
63
27
57
70
53
66
32
41
53
67
32
30
35
39
16
42
38
52
49
51
60
52
45
33
42
47
20
26
56
46
58
42
62
60
41
33
19
29
23
47
29
64
36
30
27
76
34
58
44
35
25
35
37
51
31
29
45
39
26
50
32
43
46
35
19
21
25
40
29
48
16
43
40
45
35
65
68
42
40
37
35
32
27
42
30
36
52
26
63
31
37
35
61
42
36
38
27
35
36
31
42
77
50
50
27
36
32
93
35
38
42
25
46
28
27
27
30
21
54
71
48
73
36
32
48
60
34
50
38
38
44
29
27
52
29
30
41
49
25
36
39
23
42
28
42
64
42
45
39
40
25
27
56
54
42
53
47
48
79
32
38
29
37
51
32
46
57
62
53
42
49
68
38
78
31
49
69
22
47
38
48
78
49
29
37
34
21
31
51
42
41
45
41
47
76
47
35
67
44
31
42
46
25
57
27
29
35
64
39
51
57
35
43
33
59
30
32
41
38
39
79
74
50
45
45
39
28
51
35
40
51
45
69
36
48
36
42
51
55
56
45
34
27
22
47
34
37
26
33
40
25
27
63
53
39
49
36
35
42
33
30
21
39
33
66
29
43
32
42
70
37
39
37
37
32
56
31
29
51
23
33
44
32
72
45
33
33
48
43
33
25
29
35
64
60
42
30
45
36
44
36
43
38
31
31
36
45
74
38
24
29
39
87
57
17
50
36
53
30
26
41
35
31
23
27
33
26
30
50
24
42
34
44
25
67
23
24
24
65
49
23
22
37
37
31
25
36
32
39
37
31
30
41
50
30
24
40
25
18
46
26
46
20
33
27
35
22
23
13
34
47
23
39
26
31
31
19
23
14
29
19
32
32
55
25
24
26
47
34
30
21
38
41
35
30
16
18
25
16
34
35
29
20
27
10
17
27
73
25
34
18
20
18
25
26
34
21
13
30
25
19
22
17
15
28
15
36
17
21
42
22
32
59
20
15
12
22
11
13
21
28
14
27
16
27
20
26
34
44
7
22
39
35
18
18
27
27
16
62
15
26
19
17
32
13
11
18
25
14
33
23
9
25
18
13
7
15
21
27
16
57
5
24
14
9
16
24
4
6
24
92
10
21
20
13
17
11
11
17
6
11
23
19
24
15
21
16
18
12
15
7
19
13
8
14
9
16
13
7
10
13
8
1
10
12
3
13
10
9
17
21
16
11
25
30
26
6
10
12
19
11
12
13
2
7
16
10
2
25
12
5
4
16
6
11
11
1
10
14
8
15
13
20
7
6
21
5
9
4
8
3
19
7
17
9
22
5
26
8
14
7
20
10
10
20
13
2
7
10
11
6
11
6
12
17
17
28
15
2
6
21
2
21
5
2
5
14
11
7
2
5
5
9
21
4
11
10
4
2
8
15
8
14
2
5
3
21
1
3
0
4
3
1
2
13
13
5
3
2
19
12
1
9
8
9
16
16
2
3
13
17
6
21
18
30
26
20
16
10
11
10
17
12
13
10
4
9
9
9
6
5
3
6
3
6
11
12
22
1
4
2
6
6
2
4
8
10
6
6
12
2
8
3
2
8
2
8
9
5
5
22
4
12
3
23
4
6
13
7
8
4
5
4
3
10
19
10
16
6
5
27
2
7
11
12
12
5
2
4
7
23
3
19
7
3
10
6
10
11
9
6
19
17
8
4
5
9
8
17
8
6
22
12
25
19
11
7
13
17
13
10
5
13
4
0
19
35
10
14
11
36
4
9
17
13
14
6
35
16
2
6
11
15
4
5
5
14
12
11
8
8
8
7
15
5
16
16
19
12
18
16
12
7
3
7
6
23
16
20
14
23
39
20
24
19
9
22
17
20
6
38
9
24
12
27
12
13
20
9
12
27
24
14
15
7
52
28
12
12
9
13
29
7
20
15
16
10
14
25
9
19
19
20
14
20
10
17
22
17
13
29
33
14
43
23
26
25
19
13
38
11
58
24
31
26
25
52
26
13
25
23
12
25
17
10
21
20
33
19
29
20
36
28
23
28
19
34
17
10
36
24
19
29
35
18
18
41
24
34
25
40
28
57
14
28
27
39
42
33
32
20
43
31
31
33
26
37
36
40
32
26
25
70
35
32
36
37
28
39
42
34
36
22
47
26
26
42
48
56
35
40
52
49
47
38
45
44
28
27
48
17
42
25
45
38
58
34
40
38
51
52
48
42
59
61
33
25
38
39
46
48
46
24
20
42
58
30
45
47
40
65
54
40
51
40
36
72
35
37
55
69
49
30
43
37
69
40
54
34
70
50
40
37
79
34
57
33
59
60
41
58
51
32
37
41
49
46
41
48
60
53
46
40
57
48
55
56
30
55
49
37
40
48
45
57
27
49
29
39
36
47
48
48
60
85
57
55
41
56
47
61
34
51
57
65
41
65
67
45
41
40
64
77
69
33
28
52
70
119
41
44
53
59
53
47
46
59
50
61
64
79
43
79
56
46
37
39
40
37
58
66
56
44
54
44
38
36
64
54
51
44
39
68
53
50
40
46
64
75
65
47
35
66
31
63
42
60
63
72
83
61
41
25
55
48
100
33
67
34
60
53
64
67
31
53
35
44
66
53
58
44
85
68
80
81
81
72
60
32
24
80
53
92
47
75
23
57
66
70
35
71
39
68
72
61
76
31
55
54
48
47
22
62
54
56
56
44
37
34
39
57
45
51
55
57
87
69
70
53
47
47
54
70
54
68
45
76
72
54
73
37
70
52
59
64
99
35
78
39
58
53
59
57
64
57
46
47
40
59
81
59
74
57
39
76
47
52
64
62
35
77
48
46
48
51
90
46
74
53
54
31
86
45
96
81
50
58
72
63
30
52
58
47
112
51
55
61
41
42
68
54
68
39
61
42
48
46
44
43
47
52
71
56
45
39
36
35
58
48
37
28
61
72
54
58
60
44
36
54
39
50
60
34
56
55
62
35
48
37
64
62
29
71
65
43
50
40
44
65
45
72
73
37
56
39
32
54
66
46
52
82
39
52
47
44
88
53
30
50
52
54
46
44
53
56
33
53
58
21
37
38
50
58
42
44
49
62
26
41
37
69
57
68
52
56
77
58
54
38
52
46
49
52
40
30
48
49
36
55
41
44
54
52
46
42
46
42
49
68
48
31
52
76
49
39
38
43
47
52
51
50
62
46
41
50
60
72
34
42
36
54
28
45
34
67
27
36
67
60
32
54
43
49
42
25
37
55
53
40
28
44
59
36
54
49
40
46
28
43
25
27
37
29
34
47
42
69
27
50
50
48
43
47
32
38
39
44
57
59
27
65
53
37
37
38
22
43
36
45
35
76
45
43
66
20
26
78
40
80
61
51
41
42
72
45
33
56
39
36
44
52
57
35
37
47
47
29
39
58
48
37
43
40
40
46
52
55
31
28
59
50
53
34
49
37
51
35
66
92
67
46
62
60
46
43
49
50
60
54
54
53
51
36
40
30
46
37
42
49
23
31
37
41
44
42
56
26
59
30
59
41
49
55
29
32
37
30
44
30
36
57
33
41
34
54
48
29
31
47
50
36
45
50
52
53
42
69
76
37
29
44
32
44
51
74
58
58
32
38
64
59
45
22
37
53
56
65
57
37
32
44
51
23
52
19
40
40
34
37
40
54
53
75
47
37
45
43
70
69
48
46
46
27
46
47
21
73
44
34
33
26
63
49
30
63
41
43
22
64
44
53
59
59
27
49
34
50
29
41
33
41
58
24
41
52
55
49
54
36
52
26
41
38
35
51
49
29
29
34
57
52
37
46
55
31
66
42
61
34
59
45
41
59
44
49
84
39
36
60
37
26
30
49
45
37
43
49
26
28
46
27
35
34
64
40
35
43
48
54
31
33
47
69
20
48
29
76
80
53
46
39
34
57
49
42
28
33
33
32
45
41
53
29
30
37
50
52
58
29
27
24
36
36
33
38
29
32
41
33
37
43
38
23
31
38
29
39
35
39
56
28
40
40
53
30
55
37
26
36
48
45
44
46
30
45
34
26
59
32
43
21
37
39
28
29
38
34
45
27
10
39
32
32
41
17
41
48
23
41
27
36
36
48
25
30
27
30
50
22
37
28
15
39
29
19
12
20
20
56
17
25
36
32
28
33
27
47
26
17
30
46
16
27
25
14
29
41
49
20
16
15
18
25
26
8
16
28
26
20
28
15
24
20
14
15
18
52
63
19
22
23
33
32
12
15
51
8
31
22
5
8
27
27
31
16
27
22
22
10
9
29
20
14
25
9
19
13
10
17
8
17
31
10
18
8
28
10
36
9
17
24
12
23
17
7
33
15
16
7
4
35
11
35
25
22
22
15
31
15
16
7
22
12
8
16
12
16
5
12
17
10
23
8
8
28
11
12
7
6
12
11
38
11
9
4
10
20
11
12
5
22
18
19
13
10
24
30
9
21
13
13
5
18
6
13
1
6
23
13
8
4
26
28
9
14
8
19
19
6
12
15
17
6
10
11
13
24
15
12
16
10
9
3
7
8
18
13
3
20
1
10
5
3
8
14
17
4
20
10
4
7
6
7
10
9
4
13
21
6
5
2
3
10
15
10
9
5
2
5
1
23
13
8
12
16
23
12
9
19
8
11
6
7
1
3
1
3
6
0
1
8
7
10
5
6
0
3
0
4
5
2
8
8
8
14
2
3
1
12
6
8
4
7
6
12
5
3
4
7
6
5
13
1
2
2
7
5
5
3
2
2
1
3
9
8
13
7
7
7
6
4
1
1
5
5
10
20
5
5
1
1
6
3
5
1
4
10
2
0
5
9
4
5
9
3
12
3
4
3
40
2
5
6
7
7
3
8
6
0
6
4
9
2
4
4
6
1
1
22
0
24
8
9
4
2
5
2
2
11
10
4
2
0
3
16
6
5
6
6
11
9
11
5
0
3
12
6
19
2
12
16
1
6
14
10
4
11
10
4
5
3
4
9
2
2
6
6
7
4
5
15
2
3
3
10
13
6
14
11
5
10
6
4
20
9
28
3
5
8
6
5
2
18
3
13
6
8
6
12
12
10
25
10
16
13
9
5
9
11
18
10
10
5
14
13
20
6
8
4
25
13
3
14
20
13
24
9
13
10
12
11
15
15
8
12
6
11
22
16
19
8
8
13
30
13
15
2
13
11
10
30
26
14
20
17
10
11
21
20
15
15
16
12
3
17
26
12
30
19
18
27
2
5
35
23
12
24
18
41
26
32
27
33
19
18
32
18
24
17
13
14
17
15
37
24
20
36
16
37
19
17
18
23
14
31
21
33
21
28
24
24
27
36
23
20
31
32
31
32
27
35
25
47
17
20
38
34
41
51
33
43
45
27
32
43
20
53
22
17
22
24
63
21
50
37
19
22
42
27
29
36
29
55
28
38
36
39
44
22
53
28
39
54
53
26
57
36
33
67
76
48
44
36
40
34
28
35
32
32
35
32
38
48
46
45
31
42
45
48
42
55
40
52
56
82
60
46
40
49
64
33
37
28
70
43
52
27
23
39
37
87
60
44
36
61
75
70
43
48
89
53
38
37
43
43
43
51
39
29
58
31
88
62
86
57
68
46
58
45
45
68
74
39
59
66
43
71
56
55
44
41
44
59
47
55
41
47
51
96
79
71
62
45
70
42
48
75
56
38
66
42
46
83
51
54
55
55
90
63
66
44
117
68
52
101
54
39
47
66
63
55
25
66
68
43
42
52
48
74
69
52
61
45
68
45
43
44
72
43
43
33
43
58
55
50
58
78
31
42
56
68
64
57
66
92
50
62
45
52
52
67
93
43
57
88
45
70
45
65
63
63
84
64
61
51
55
71
43
47
47
109
43
65
63
40
67
56
58
53
41
44
50
78
73
80
76
65
97
44
82
41
72
59
63
101
74
78
69
75
53
48
60
94
64
54
51
42
60
44
63
60
54
66
68
48
51
59
72
65
55
74
48
97
57
55
61
79
38
46
69
80
55
58
82
65
59
78
44
83
61
61
67
57
46
78
106
48
59
74
77
95
46
72
81
57
68
66
84
84
71
66
82
73
56
81
81
99
69
90
86
71
69
58
79
81
73
61
91
68
77
97
55
64
50
67
50
53
55
64
48
52
109
71
54
56
67
35
82
91
49
75
60
52
55
76
57
74
54
50
69
79
40
53
75
67
73
51
83
71
69
57
63
69
54
85
77
76
57
59
65
73
49
183
61
77
48
61
51
87
53
65
50
48
80
38
42
52
62
60
69
39
45
36
96
62
72
50
57
48
57
59
28
47
61
107
71
65
55
37
52
89
41
42
47
40
49
96
83
36
60
83
48
91
75
45
49
65
73
53
73
62
69
62
82
54
81
50
66
41
75
73
75
76
53
54
62
68
60
58
52
67
53
38
66
47
51
64
61
51
93
70
62
76
66
67
62
57
60
70
86
66
48
66
53
54
56
59
69
46
66
58
47
41
58
43
50
55
57
64
70
35
61
56
44
66
69
67
47
50
47
59
48
64
61
75
66
36
45
47
67
36
49
45
63
57
63
93
62
65
52
62
38
27
59
54
43
51
67
60
59
45
57
37
42
50
50
55
54
73
36
32
21
46
43
41
50
57
46
44
69
54
48
36
30
47
44
97
46
79
59
46
50
53
37
30
33
54
54
53
40
45
36
48
41
66
44
33
41
37
42
65
61
39
39
57
47
26
54
49
43
49
48
46
70
44
48
38
59
42
32
43
49
52
42
30
29
45
48
34
32
47
38
43
33
34
56
42
37
74
41
55
69
56
34
37
40
36
41
28
37
45
56
57
32
35
48
59
44
67
47
51
41
38
36
51
37
59
38
55
70
37
57
30
41
53
28
60
23
45
48
47
59
52
29
57
29
75
48
42
35
44
38
31
47
55
59
39
32
48
52
65
43
42
50
57
45
43
49
47
58
36
38
35
67
43
26
45
42
47
47
62
56
49
41
76
49
57
39
42
51
45
65
36
84
49
54
43
53
52
33
65
28
42
79
39
41
58
39
43
47
49
45
59
38
39
46
31
33
46
56
37
51
23
38
56
41
36
49
29
66
56
46
39
35
38
56
34
43
53
49
40
44
59
72
65
50
42
35
50
36
65
40
69
31
40
72
64
47
39
81
30
30
54
49
40
47
43
56
45
36
53
41
71
52
66
35
38
38
51
54
40
56
38
41
36
37
44
30
46
36
35
37
43
40
43
47
36
38
40
39
27
47
40
38
28
25
35
27
38
31
59
33
59
31
51
34
48
59
53
26
43
42
54
33
33
45
31
62
56
56
29
30
30
28
46
32
37
26
37
40
48
38
26
22
27
30
22
38
42
29
17
33
39
37
47
25
40
27
33
32
41
32
21
41
28
25
23
30
32
26
45
25
21
15
26
37
26
24
39
27
34
31
27
24
40
28
46
21
31
28
23
30
23
21
17
19
25
22
44
38
17
17
26
17
36
11
26
22
15
14
19
26
26
16
15
31
36
25
21
33
29
24
18
16
16
16
25
17
28
17
26
7
27
22
28
14
21
25
32
13
45
22
27
23
21
32
17
22
13
16
23
23
21
16
17
35
28
9
19
14
13
15
22
20
30
27
10
21
16
12
14
14
34
6
19
17
24
19
15
4
10
12
10
9
12
26
11
14
13
30
21
18
13
9
21
19
9
10
17
23
6
9
13
12
9
9
37
20
12
18
6
12
37
9
7
5
12
20
31
17
5
21
23
5
14
10
16
7
5
12
25
15
14
6
6
10
18
36
3
9
7
16
3
6
4
12
11
10
11
15
4
34
6
7
14
13
8
8
5
19
8
4
9
3
3
10
21
6
7
6
10
13
6
8
16
29
9
6
19
5
4
3
12
18
17
26
13
23
1
8
6
27
7
10
21
13
21
4
5
16
29
18
9
7
2
4
9
7
46
26
16
17
15
11
11
4
1
17
22
4
17
6
20
13
3
7
4
1
35
16
14
5
5
28
4
4
9
27
25
19
14
7
19
9
9
2
14
15
6
3
9
6
21
16
7
16
22
4
4
7
14
21
24
16
8
3
6
5
10
17
8
23
21
5
6
18
16
1
19
32
5
5
10
9
17
28
16
5
17
7
25
29
14
14
2
29
2
9
7
4
5
9
4
10
13
9
14
12
18
2
12
2
4
2
5
4
10
12
16
3
17
9
10
11
10
5
15
18
8
9
12
7
18
18
19
16
14
8
7
9
8
8
20
23
12
8
17
29
23
4
34
4
11
17
15
13
17
18
14
8
19
8
7
9
7
14
23
10
17
10
33
23
11
28
12
20
14
23
10
11
9
23
29
11
13
7
11
16
14
30
15
25
9
10
9
8
19
10
10
6
16
12
7
34
14
26
9
10
23
25
22
17
17
14
21
17
21
19
22
9
21
16
11
23
31
10
26
20
21
32
11
22
19
26
20
18
8
16
16
19
20
22
15
26
10
36
33
27
27
33
16
21
21
24
30
26
16
28
26
21
22
31
19
19
21
22
39
16
34
29
38
37
21
30
27
55
17
21
43
31
20
25
25
32
58
26
12
32
27
49
45
67
31
51
35
57
16
42
35
35
27
34
28
34
33
29
36
44
53
43
25
35
29
34
27
41
47
46
24
22
28
43
38
36
34
50
52
38
48
48
43
53
28
77
44
24
41
35
31
68
40
22
60
53
28
49
39
41
48
41
62
33
51
44
52
59
49
35
32
68
45
31
54
51
47
46
76
34
45
75
35
55
60
78
35
70
77
36
38
60
18
28
68
56
51
49
46
39
58
46
67
42
63
69
55
52
40
40
47
72
75
57
67
50
66
40
59
73
35
38
51
61
128
49
52
59
40
63
62
79
31
68
71
47
41
50
63
36
42
41
63
56
71
46
54
102
52
73
37
49
46
47
60
52
46
77
59
72
64
65
41
51
46
61
56
49
33
46
50
69
70
54
54
55
39
73
45
26
60
56
65
32
61
45
95
36
35
50
80
72
64
77
68
68
45
58
41
47
78
66
73
57
88
47
48
35
63
83
56
73
45
59
128
75
81
52
59
64
64
72
50
53
43
55
63
68
73
57
48
56
41
48
70
57
45
97
73
71
49
55
64
74
59
35
68
42
84
53
48
64
65
50
74
56
54
63
81
37
60
82
53
55
92
53
73
91
83
70
31
65
49
78
47
50
94
61
61
47
59
46
69
52
60
58
44
60
37
54
67
114
57
68
63
40
64
47
93
36
76
76
66
72
92
59
47
49
70
58
58
64
95
59
66
80
48
77
90
68
67
76
60
100
52
74
44
66
60
65
69
79
26
50
55
68
57
56
84
59
75
59
47
42
67
76
71
40
51
38
51
49
83
41
76
37
53
86
48
64
62
62
59
73
71
52
65
76
47
43
59
51
60
51
65
69
58
50
44
67
48
52
53
75
58
70
45
50
65
50
40
73
51
60
50
60
66
41
38
70
64
63
38
55
70
57
59
53
70
51
60
70
67
47
39
70
56
58
62
63
44
46
54
49
46
32
59
58
49
55
56
30
48
48
21
37
70
39
70
84
29
45
61
44
130
47
48
59
63
44
35
50
47
81
62
47
48
63
70
50
56
69
67
56
50
52
59
54
62
51
65
42
39
64
87
41
58
45
58
80
54
55
45
90
62
52
30
51
34
45
43
50
45
36
51
53
35
55
46
52
64
55
67
55
40
64
41
53
33
48
44
54
61
37
89
50
61
59
44
47
54
56
39
53
23
63
56
40
58
62
43
29
48
49
57
27
35
41
34
73
73
60
54
48
69
54
36
71
44
33
50
41
50
43
75
39
47
61
38
44
29
30
43
34
42
45
40
47
45
55
53
40
62
58
18
56
50
52
46
33
37
39
57
48
44
40
39
62
43
35
38
63
42
49
34
45
52
34
61
66
57
49
29
53
31
41
48
29
37
42
49
63
22
47
25
46
58
60
39
61
36
37
59
29
38
36
26
30
27
56
30
78
40
59
42
27
41
21
33
30
18
36
29
38
36
35
41
31
29
42
39
34
31
34
38
29
35
21
62
23
19
53
30
45
53
26
54
26
28
23
47
28
39
42
35
48
42
50
43
43
40
58
37
38
36
16
29
41
36
21
58
47
38
32
48
36
39
77
42
34
30
31
32
40
42
44
51
19
44
44
36
58
39
52
36
44
40
32
33
29
34
28
34
54
65
26
48
41
42
36
36
64
73
22
50
54
27
41
32
57
63
34
39
62
58
77
27
33
42
44
31
30
24
47
31
33
52
45
26
26
19
26
28
33
48
41
27
39
35
29
44
32
19
52
40
37
40
36
42
27
34
37
30
17
58
30
48
40
29
28
33
16
44
28
27
29
37
33
22
38
34
35
53
31
28
17
28
31
34
27
48
25
33
19
29
31
47
25
35
24
30
26
27
31
32
37
33
28
22
39
31
27
24
45
28
17
30
22
27
46
42
34
29
44
28
32
27
34
43
36
28
22
31
29
24
83
22
26
11
35
33
25
35
25
44
42
22
47
27
39
35
28
41
60
32
23
16
27
24
21
16
36
18
18
26
27
16
29
23
41
30
15
11
36
33
29
25
26
13
39
11
18
21
24
23
23
15
19
18
38
20
18
15
20
34
20
28
14
22
31
29
9
21
24
46
38
7
17
30
20
18
8
30
9
41
29
22
32
12
13
18
22
20
31
8
23
33
13
15
33
27
11
15
15
17
27
20
11
8
20
28
18
28
19
16
11
20
28
28
22
14
12
21
24
10
23
11
16
16
20
19
16
42
21
17
26
18
26
18
10
54
34
7
15
12
52
30
15
25
10
14
24
16
17
25
15
25
19
17
10
14
14
16
8
23
20
16
18
15
14
6
8
18
9
20
17
11
12
9
20
7
13
12
28
9
13
11
13
20
11
11
19
12
19
15
16
19
18
9
14
3
5
27
8
8
16
13
15
9
13
9
6
6
8
12
5
11
17
6
10
25
12
13
15
12
5
6
4
3
11
7
15
7
11
10
12
4
10
6
2
5
1
15
4
9
12
21
13
3
2
15
8
16
3
3
5
5
3
12
7
2
10
7
16
16
12
8
11
8
7
9
12
3
16
5
12
8
2
4
25
7
4
6
8
3
15
4
11
5
7
78
3
10
9
6
11
3
6
7
10
8
15
9
13
4
6
8
6
3
4
5
2
7
11
13
11
2
5
8
3
9
2
4
6
6
5
13
4
6
4
0
21
4
11
6
7
5
4
5
1
3
3
4
11
1
9
4
4
9
17
0
1
4
10
10
0
3
1
6
6
5
3
11
8
6
29
6
6
17
2
1
2
17
3
8
5
4
6
10
4
18
2
10
5
6
4
3
14
2
2
5
17
1
5
25
4
3
2
14
15
5
8
6
5
5
1
3
3
7
3
0
13
0
5
4
2
3
2
11
8
5
13
1
5
15
8
5
5
2
7
7
10
1
6
5
3
8
0
5
3
3
9
5
8
10
3
4
12
3
10
11
4
2
6
2
2
4
10
4
8
6
5
2
3
4
0
9
6
2
4
8
11
7
21
2
12
1
3
6
8
8
15
8
8
7
7
3
4
5
6
1
5
7
5
4
20
1
9
10
5
12
8
8
4
21
4
8
0
7
22
20
24
8
19
46
1
13
8
26
18
8
19
9
14
20
11
8
9
14
15
6
10
20
15
13
18
35
8
14
17
16
19
20
20
16
17
28
23
20
21
17
20
6
18
14
26
20
8
27
15
18
19
18
36
17
21
19
15
21
21
19
25
20
38
21
27
20
23
22
27
16
29
19
12
17
48
26
25
49
29
22
16
29
28
18
33
31
36
42
31
23
24
27
25
35
37
32
28
30
25
35
30
34
31
53
43
26
31
54
27
50
37
26
19
43
34
28
37
46
28
46
27
44
29
39
39
57
24
34
47
43
56
49
31
37
15
58
35
30
47
49
67
55
27
23
44
30
34
55
51
78
34
45
41
46
44
41
38
56
50
50
45
63
48
46
55
42
56
38
46
43
47
37
38
78
53
50
39
33
55
37
36
63
43
67
33
45
60
49
45
51
71
53
52
63
47
46
40
52
32
53
34
27
64
55
57
51
66
76
47
67
54
51
36
36
70
45
37
74
59
79
51
55
60
53
40
35
68
44
76
46
69
54
45
58
53
55
67
41
59
43
43
77
68
54
66
48
78
57
95
62
48
67
59
44
77
60
60
38
52
62
62
53
63
65
54
45
54
66
52
65
83
49
60
40
51
57
55
49
90
78
70
52
62
65
50
87
47
60
55
81
57
38
63
57
59
71
56
77
70
99
75
54
79
42
71
41
42
60
48
43
65
45
55
54
69
42
66
70
56
50
70
58
45
64
50
52
67
94
77
44
47
78
84
56
61
65
75
67
70
69
46
51
59
60
58
37
37
85
94
45
42
53
57
70
57
52
49
66
72
35
53
55
49
70
63
61
117
37
74
66
70
74
60
42
51
73
62
57
45
45
59
70
56
60
66
47
77
66
64
41
47
95
44
69
98
64
53
64
49
40
55
53
63
70
87
64
57
57
60
62
51
57
56
84
58
50
49
53
46
54
37
133
85
102
64
64
75
41
60
59
87
48
43
56
72
63
36
62
50
54
59
65
97
67
55
55
60
56
54
95
73
84
56
49
55
65
71
57
57
58
92
49
88
57
50
55
64
65
40
33
41
51
45
58
69
73
80
54
54
73
68
67
62
71
65
59
50
75
56
77
50
42
62
74
85
53
47
41
50
39
43
64
46
60
86
59
53
60
48
67
45
62
40
41
104
54
68
38
57
54
54
65
57
61
43
50
45
28
43
45
61
41
44
39
52
53
57
52
53
60
56
51
36
42
50
56
47
52
56
56
35
41
40
52
51
49
71
89
52
51
56
60
51
49
69
56
59
42
49
72
49
63
49
52
41
38
71
33
55
56
52
27
84
45
56
48
151
79
59
65
38
22
36
44
58
50
39
36
48
33
32
39
50
39
33
50
58
50
40
48
64
65
39
40
30
37
45
54
35
37
35
56
35
51
23
45
50
39
66
56
46
31
31
47
56
51
53
55
46
55
75
46
46
36
45
45
41
39
59
29
59
38
67
40
41
19
43
36
41
47
52
44
38
31
29
49
38
53
46
41
32
33
38
24
40
24
40
51
52
40
36
45
47
32
28
42
36
61
50
19
33
66
41
40
28
40
31
30
36
62
24
33
30
40
22
16
41
49
34
25
51
23
50
27
54
33
36
27
30
41
49
32
31
22
31
70
35
35
44
31
65
37
36
39
42
51
54
30
21
31
30
42
51
45
52
25
35
33
31
23
35
39
40
58
37
39
25
20
59
20
38
53
24
27
44
34
32
37
28
29
25
43
48
24
38
87
37
28
73
29
28
38
36
45
52
35
23
36
67
90
36
20
24
42
44
46
52
30
43
58
27
33
36
32
31
25
29
38
46
37
32
13
31
31
79
20
22
39
41
31
36
22
34
26
30
28
33
46
29
19
75
22
23
23
27
18
40
31
51
42
27
39
35
26
36
28
26
28
26
34
42
42
45
29
27
31
33
43
37
24
31
60
35
42
36
49
27
36
27
51
24
39
13
36
32
38
21
29
46
45
42
50
30
33
46
37
24
41
32
23
27
21
28
45
39
33
19
21
21
26
45
43
36
30
23
19
31
21
37
30
25
35
36
32
31
34
40
25
38
39
21
34
39
50
35
36
25
23
28
28
30
46
37
45
25
32
29
25
37
19
33
34
23
18
37
33
38
20
29
18
58
27
36
38
23
30
37
28
37
29
26
21
26
26
16
23
22
23
17
13
21
32
24
22
17
16
25
26
37
17
15
19
25
30
27
31
29
23
24
21
49
20
26
38
26
25
22
15
21
14
36
15
20
35
19
27
18
22
28
21
24
18
20
23
18
20
28
21
20
18
30
15
24
33
34
21
19
33
11
22
21
29
10
17
34
19
26
20
16
30
14
15
12
35
25
17
13
22
26
5
19
24
21
22
17
25
18
10
13
14
10
29
8
17
22
20
11
18
6
19
9
22
3
13
15
15
10
12
17
11
13
16
11
23
30
17
52
14
8
21
14
18
11
7
15
16
5
18
10
13
16
20
19
9
24
14
13
8
18
11
29
18
14
12
19
7
10
12
7
5
17
6
9
12
6
5
15
13
20
13
14
10
4
10
4
15
16
8
16
8
11
9
7
9
3
1
5
7
17
4
8
8
9
19
12
12
10
5
7
23
14
1
15
10
17
12
7
10
5
11
8
5
14
19
9
10
10
7
8
21
11
18
11
11
7
6
10
6
15
15
2
9
4
5
18
6
11
19
2
7
6
3
7
14
10
8
12
3
3
10
2
6
8
5
19
4
6
15
6
11
16
2
29
6
5
11
5
15
2
6
3
10
0
5
9
17
4
6
4
16
3
11
17
5
2
4
12
5
5
2
4
5
2
15
9
4
4
4
11
13
5
1
6
6
10
5
8
2
3
5
2
7
1
3
7
10
13
10
3
6
2
2
0
2
4
8
5
9
4
3
2
4
4
2
0
7
10
1
4
5
4
1
1
10
7
11
3
0
2
16
3
4
2
4
2
1
1
8
6
7
1
6
3
2
6
6
2
4
4
20
4
1
9
10
5
1
1
14
17
3
7
9
1
4
4
1
8
4
4
4
5
2
2
3
3
10
6
1
2
6
12
1
1
10
3
3
1
2
2
2
2
2
4
3
6
2
11
3
3
7
1
2
5
10
4
2
6
5
4
1
2
5
2
7
2
3
5
0
5
3
1
11
5
6
3
11
5
2
5
6
7
8
9
14
1
4
20
12
10
5
5
17
3
17
12
15
5
5
4
3
14
10
9
8
20
3
10
4
6
5
10
7
5
3
20
16
11
9
8
3
14
4
3
2
27
7
6
3
5
7
14
13
4
8
21
30
6
2
12
1
9
4
9
7
20
19
7
12
5
21
9
17
8
12
11
12
13
11
15
7
17
19
7
24
10
9
12
12
8
16
12
25
11
18
18
9
16
17
17
16
15
14
24
27
14
23
19
33
19
21
21
12
33
21
17
19
24
33
19
44
17
46
9
18
19
25
16
31
19
25
26
22
20
27
28
38
32
13
22
21
28
39
37
18
27
27
28
17
23
34
18
39
35
25
13
24
34
37
23
19
29
33
20
40
15
49
38
41
36
31
23
21
37
30
30
30
27
29
34
29
26
52
44
36
27
16
23
29
36
44
31
39
39
52
47
38
53
31
36
34
23
58
26
23
33
33
51
39
44
23
25
59
40
22
36
38
28
31
36
23
34
33
30
45
34
46
19
30
36
45
42
39
27
49
32
46
34
39
50
37
53
46
41
48
33
43
33
39
51
27
47
63
38
27
53
42
41
34
49
49
48
42
66
43
57
44
43
38
49
51
70
62
57
57
31
40
66
54
34
44
44
56
44
54
63
48
51
31
37
41
42
30
61
61
55
32
53
69
72
59
52
45
54
74
34
43
28
38
66
42
41
30
46
54
53
49
31
54
47
46
38
36
75
47
40
51
35
62
42
57
52
67
39
52
35
57
48
61
41
51
37
58
57
60
43
47
54
48
38
69
35
28
79
41
43
59
32
37
48
47
38
54
45
58
69
62
45
48
84
44
40
49
37
40
40
51
37
48
67
38
77
38
40
47
46
48
44
32
70
43
76
51
47
44
29
46
67
47
52
52
30
42
63
63
51
60
55
93
47
39
36
56
42
55
41
43
45
66
42
41
52
44
68
43
45
39
34
57
56
57
71
37
47
30
49
69
41
47
48
55
53
39
42
50
39
49
46
40
30
56
53
39
38
26
39
45
47
30
44
50
40
67
43
63
50
60
60
45
58
61
48
53
38
46
50
37
60
86
69
69
39
35
28
46
46
37
31
30
65
38
63
61
46
46
45
32
45
47
58
40
51
46
96
56
46
43
46
40
34
37
36
27
37
51
57
54
29
38
56
51
45
33
42
56
24
39
25
41
43
49
42
63
42
46
54
44
34
46
32
42
49
25
35
48
52
48
43
47
70
54
33
30
57
39
42
43
61
33
50
37
29
49
50
42
26
41
27
47
39
24
36
27
31
56
56
37
46
28
22
75
42
30
22
53
39
49
48
48
63
49
42
47
28
46
52
59
59
26
33
42
42
33
35
48
51
42
45
41
20
49
31
28
46
35
45
44
59
26
34
22
41
52
35
42
21
26
21
37
36
29
33
27
51
34
37
25
31
30
31
40
42
73
32
51
49
37
46
49
36
45
25
29
21
36
50
27
31
43
41
31
33
31
47
28
42
26
37
50
31
46
40
18
28
42
32
37
24
25
35
37
65
56
41
37
32
38
25
37
22
23
33
25
26
82
36
37
40
37
31
41
17
34
40
27
52
29
28
31
27
30
33
49
22
33
28
24
16
17
16
29
35
54
17
53
19
21
40
39
14
30
25
43
56
27
14
35
29
30
33
34
15
11
15
61
43
55
22
21
25
45
44
25
43
24
39
34
16
40
18
39
46
34
28
28
26
30
22
41
15
28
22
41
34
36
24
37
27
45
46
31
26
56
37
20
23
46
48
33
27
21
26
38
53
38
46
41
31
20
20
26
32
35
26
13
35
41
23
18
22
31
26
34
18
33
27
15
37
30
46
56
22
38
23
26
19
27
28
30
54
16
21
31
28
36
24
24
17
38
19
24
31
28
31
38
21
61
23
34
29
38
32
16
29
24
22
26
22
26
23
42
29
40
35
17
23
25
36
40
23
18
43
26
37
40
44
30
23
40
21
56
38
36
25
20
42
39
56
33
20
48
24
33
29
36
20
23
20
39
39
25
32
39
30
38
34
36
17
20
18
33
24
41
16
25
33
27
13
55
32
26
20
36
21
38
39
21
30
27
38
27
40
30
33
25
23
34
12
20
19
28
22
31
30
33
15
31
28
29
35
27
28
38
26
19
21
23
19
67
23
32
31
26
29
40
28
24
53
57
34
25
25
26
28
24
45
20
16
20
25
34
39
25
24
20
23
39
23
16
20
19
47
30
51
34
22
35
32
49
15
20
33
37
20
27
19
13
27
34
13
19
28
22
29
34
46
32
38
38
29
17
15
29
11
18
31
9
49
20
37
12
23
17
38
94
19
16
12
22
29
22
18
17
14
25
29
36
29
18
15
25
27
23
23
20
17
20
19
20
19
17
18
21
17
17
12
27
19
24
9
22
16
22
14
31
12
35
14
16
15
19
18
4
38
12
21
22
6
18
38
20
20
22
16
9
11
26
14
35
10
12
13
24
27
10
6
14
4
10
18
10
7
13
9
15
5
8
13
19
14
13
23
15
11
15
12
10
16
11
2
6
16
17
8
19
18
2
13
0
6
8
14
8
5
7
7
5
16
7
12
11
14
6
17
2
7
5
13
10
13
13
10
14
7
8
10
27
12
3
14
12
3
6
22
9
15
12
15
13
4
2
7
14
7
12
9
9
7
5
6
13
6
5
6
6
14
20
17
6
11
14
0
11
34
7
6
36
3
4
10
6
9
16
8
11
15
1
27
4
2
1
15
10
4
11
7
7
6
4
8
5
1
1
8
2
8
2
2
4
8
1
17
7
9
3
4
17
7
6
9
1
5
7
1
2
15
3
0
3
5
2
9
5
1
1
4
5
1
3
8
2
3
4
1
13
5
10
7
1
1
14
5
1
7
2
5
2
6
8
9
28
7
1
6
12
7
10
2
1
8
4
4
3
3
5
9
18
2
10
2
5
0
2
4
9
5
1
3
1
2
0
3
6
6
0
1
6
1
8
3
1
7
4
1
4
10
3
3
8
8
4
3
2
6
1
3
0
1
6
3
4
3
1
3
4
2
1
2
3
2
1
2
1
3
2
5
4
5
6
2
1
7
3
14
3
15
2
4
2
5
2
1
9
7
2
7
2
1
1
5
3
3
8
6
18
5
12
3
6
1
2
11
14
2
2
7
23
3
6
15
11
3
2
2
8
2
5
6
4
4
1
1
10
7
13
14
7
6
8
5
5
3
8
11
10
14
4
14
9
20
10
7
4
4
6
5
5
3
5
12
10
3
11
11
9
28
5
2
8
13
3
8
11
8
25
13
16
18
20
10
13
11
11
11
9
20
5
17
13
7
13
15
3
8
10
9
24
15
6
5
8
9
10
18
16
24
4
14
15
20
10
8
21
10
5
4
12
9
9
21
7
10
18
17
19
11
16
12
14
18
13
16
21
20
12
8
11
18
24
12
13
22
27
7
8
18
8
19
21
27
18
11
16
16
11
19
13
17
15
12
19
26
26
12
14
19
25
17
28
25
13
29
24
11
20
20
22
15
37
27
32
25
24
31
14
25
31
21
21
24
32
30
17
30
37
19
29
24
27
37
14
17
9
44
31
32
33
30
15
24
36
24
35
31
24
57
37
38
46
19
44
33
40
33
36
26
94
41
26
36
30
32
52
28
37
23
30
27
48
20
45
27
36
43
47
38
59
32
40
40
39
20
36
35
38
14
46
37
22
31
25
39
32
52
33
29
47
40
32
49
24
57
25
37
49
40
28
44
36
60
22
33
33
44
62
52
60
45
52
34
65
31
60
36
49
50
46
52
64
34
34
49
39
44
35
42
27
26
39
46
31
42
47
53
56
57
48
32
45
35
51
54
33
56
38
54
32
32
47
62
39
34
53
40
44
52
55
46
59
62
55
50
48
33
39
40
42
33
56
32
37
61
73
42
49
66
48
68
39
68
38
36
31
46
24
34
46
55
41
63
41
46
40
44
50
24
48
72
88
41
51
36
41
24
66
48
31
48
41
59
44
66
47
32
40
47
40
41
54
57
38
38
60
82
42
43
59
46
51
57
31
42
44
34
70
38
41
49
50
63
24
48
41
78
38
40
49
63
41
37
44
26
27
57
91
60
55
38
43
34
31
33
48
34
52
55
54
64
34
35
33
59
34
51
72
68
40
53
55
50
31
93
50
48
54
49
46
35
58
52
62
54
40
49
66
35
57
68
50
47
44
37
26
45
48
44
47
45
40
49
46
36
51
73
90
40
34
33
42
23
37
83
51
47
40
60
49
51
43
57
50
57
42
42
56
30
53
68
51
80
50
54
33
53
44
27
34
59
48
44
49
78
40
33
43
120
34
37
50
65
45
36
45
57
49
31
43
47
53
31
58
44
35
48
81
37
48
46
38
54
36
48
59
39
67
52
27
25
41
32
25
77
75
44
43
52
33
31
41
53
68
45
46
32
76
47
60
37
52
63
44
58
49
46
52
48
44
52
74
49
41
37
80
56
37
40
71
53
80
62
72
44
61
64
46
22
54
33
49
38
57
41
48
58
76
34
45
46
63
41
57
58
36
56
30
34
51
50
46
26
52
46
30
23
65
34
47
36
22
34
67
29
37
32
41
27
63
46
41
43
39
39
38
37
41
55
41
44
49
60
67
39
34
44
36
32
45
44
41
64
33
34
53
24
28
50
33
38
44
35
30
30
56
31
31
35
41
62
32
62
46
37
45
25
36
34
61
45
29
44
31
41
35
35
47
22
21
65
40
44
36
42
18
39
25
35
24
43
30
23
55
58
36
48
30
29
26
51
38
43
58
41
36
35
37
27
43
37
44
54
31
30
37
32
37
19
28
37
41
46
53
34
61
34
32
41
33
33
37
55
40
38
43
47
60
48
42
34
21
43
30
81
34
21
39
54
54
35
62
31
30
39
37
18
28
33
42
26
26
29
40
41
44
31
28
36
32
25
42
48
46
28
37
41
37
32
34
17
57
39
52
26
36
42
33
52
41
41
39
43
28
32
34
33
42
29
21
44
26
46
23
34
19
39
24
12
47
34
44
42
23
36
47
50
27
24
55
29
39
36
43
55
19
37
28
38
33
59
44
41
45
19
80
37
53
53
58
70
65
46
36
29
62
46
39
38
39
66
32
34
23
36
49
42
34
49
64
34
36
38
36
25
57
46
66
83
38
35
46
31
32
30
35
52
36
44
33
47
41
38
34
37
45
37
32
32
41
41
25
46
85
35
55
31
28
45
54
44
35
57
28
45
43
59
41
47
45
40
25
23
36
38
34
66
36
41
36
29
52
32
45
43
35
50
28
22
43
24
41
42
31
37
39
48
48
59
39
29
31
32
36
29
34
36
43
31
25
20
30
28
35
41
69
40
31
33
27
37
49
34
38
29
29
65
30
16
41
34
34
44
26
52
28
35
61
35
45
18
48
43
42
33
23
41
40
29
24
32
36
38
27
33
31
38
20
18
20
38
42
24
22
23
40
27
25
27
23
17
37
11
22
35
30
39
22
23
22
15
25
20
34
24
25
34
37
17
28
39
30
23
29
24
43
20
29
36
21
17
28
25
43
41
33
18
31
35
25
25
16
16
32
24
14
26
33
28
22
27
27
30
32
28
9
9
17
21
42
16
19
36
29
28
20
20
38
20
44
23
12
26
14
27
14
13
6
31
14
13
20
19
20
18
25
15
15
21
16
9
16
12
16
7
10
21
29
10
13
11
14
22
19
6
12
16
7
15
15
26
12
16
21
15
14
12
17
3
9
17
8
19
25
21
12
16
18
8
19
11
12
6
17
11
9
11
11
5
8
13
18
15
13
31
15
17
20
7
20
2
9
4
34
19
15
26
12
11
17
10
9
15
8
10
17
5
13
11
7
11
11
14
14
4
6
6
6
4
15
9
2
8
13
9
10
11
8
8
5
6
1
7
4
2
24
9
18
11
4
11
12
18
3
16
6
27
13
14
12
11
5
21
11
11
12
7
12
6
6
7
2
8
3
11
11
19
6
2
5
4
7
8
2
9
10
2
5
4
8
9
5
7
4
6
9
7
5
12
5
2
19
0
6
8
14
15
0
4
14
8
3
9
0
4
0
4
15
14
7
15
4
17
7
7
9
6
3
12
6
1
5
15
19
15
3
5
5
13
14
18
1
5
4
1
9
5
9
18
3
7
5
13
2
7
4
16
6
14
5
1
0
2
7
3
4
7
3
10
12
0
2
2
18
5
13
5
8
8
19
3
10
4
5
7
7
6
9
6
0
5
2
10
4
4
17
4
5
4
6
9
0
8
5
10
7
6
6
1
3
6
16
9
9
3
9
29
10
2
10
1
3
6
6
2
23
0
4
3
15
14
3
22
22
12
5
23
11
8
4
2
13
13
3
3
3
1
10
8
4
8
14
18
6
4
1
10
9
10
8
14
3
8
2
5
6
9
6
7
18
19
2
4
5
13
11
7
13
14
4
15
5
8
16
5
8
6
13
13
7
26
10
16
22
8
26
13
8
24
14
19
7
7
4
15
8
11
4
12
15
6
15
9
6
10
4
29
6
5
8
6
3
7
11
10
12
13
10
33
16
8
16
14
7
15
9
23
17
21
13
18
15
21
17
10
23
7
9
19
11
12
14
9
7
15
14
13
14
5
25
15
27
13
78
34
27
33
19
12
25
22
14
15
22
18
25
6
22
33
30
12
23
20
28
16
40
11
16
23
50
11
16
22
33
24
23
26
44
23
31
35
17
25
13
26
17
20
23
22
7
25
47
12
24
16
23
33
27
41
29
28
21
26
24
30
20
26
20
37
44
29
37
35
32
33
19
26
24
22
30
29
32
38
16
28
51
28
27
42
28
23
30
51
51
33
28
40
32
37
39
43
31
33
69
31
44
26
38
42
52
49
65
34
38
30
33
25
35
59
42
69
46
38
112
41
96
30
43
38
66
39
46
32
44
63
46
51
46
42
67
19
48
41
41
44
38
45
54
44
57
48
36
45
61
37
37
49
38
41
64
58
44
48
53
44
40
39
29
70
37
46
70
113
48
56
61
52
49
65
50
23
52
34
54
25
98
74
28
61
50
36
50
48
49
65
38
30
59
51
36
38
48
64
56
34
26
48
37
77
54
64
61
39
71
38
43
66
58
40
46
39
59
46
48
31
92
50
64
50
31
40
30
53
45
37
74
46
48
53
61
52
62
59
61
45
36
45
115
53
42
62
46
31
28
41
72
44
41
59
63
48
71
76
43
77
75
46
54
84
85
48
83
75
38
62
41
54
50
56
46
28
50
48
44
106
49
67
56
43
54
71
48
65
74
69
61
57
68
51
58
57
56
34
54
44
67
53
41
60
44
61
77
65
46
53
47
57
54
57
49
85
46
57
47
47
33
65
43
38
55
64
52
71
50
42
72
60
27
58
52
86
47
43
51
33
57
33
68
50
53
43
73
49
69
74
87
48
67
60
61
69
66
59
53
51
53
50
58
49
84
62
48
57
70
58
62
44
57
52
59
34
43
28
49
49
42
49
39
49
61
47
55
39
52
37
64
40
38
50
30
60
71
52
56
67
56
59
44
38
72
21
76
62
49
62
45
44
56
40
55
52
30
37
37
49
69
46
50
61
44
41
40
56
70
54
38
49
93
51
58
43
57
61
45
59
41
62
51
47
72
34
50
53
87
51
27
23
71
76
75
37
41
24
38
91
57
48
54
76
31
44
57
43
49
63
56
51
48
51
75
39
60
56
33
59
46
31
48
59
62
53
69
62
62
52
38
44
44
49
26
45
52
55
67
31
32
43
56
49
53
83
72
54
47
28
69
64
62
64
57
53
49
49
58
28
33
62
65
55
48
35
77
34
40
44
61
72
62
61
53
41
50
62
43
47
60
37
61
48
55
37
88
74
60
65
47
45
71
38
73
44
38
41
49
56
77
27
59
43
40
57
58
62
56
64
49
28
39
80
38
76
28
30
48
30
53
58
35
49
31
36
46
34
56
55
39
50
49
28
42
40
32
31
44
39
30
44
56
28
37
44
36
48
76
62
19
37
34
39
46
32
57
46
36
44
50
48
19
38
16
37
27
43
44
26
56
31
40
34
43
50
50
51
27
52
65
40
42
70
31
60
38
39
28
25
47
34
43
45
57
43
42
43
59
40
25
38
48
49
36
52
44
42
23
32
47
49
45
23
67
43
38
40
74
42
56
31
23
30
44
25
47
42
41
48
45
44
45
34
69
44
42
39
32
36
48
22
49
38
55
54
36
22
22
29
53
35
33
66
42
57
26
49
36
37
20
28
34
56
34
43
37
42
31
39
50
49
44
52
48
41
42
42
42
46
52
28
42
50
36
44
39
39
31
63
60
45
43
49
44
46
27
44
42
27
34
50
36
43
51
30
46
52
62
52
42
45
22
44
32
38
58
32
31
60
44
28
35
81
39
46
27
46
34
51
67
36
52
62
47
68
44
45
40
45
23
41
36
34
47
44
34
42
52
54
33
39
41
52
47
43
26
56
38
51
41
35
56
59
42
31
56
36
29
36
68
41
45
35
48
35
38
40
40
37
26
36
35
34
34
31
31
38
62
31
41
35
32
59
83
81
48
35
27
42
70
35
50
34
31
93
36
28
41
28
56
57
32
54
50
37
35
44
67
59
22
47
48
38
34
25
33
34
44
24
33
31
20
30
46
33
42
22
54
36
33
22
23
35
36
24
38
27
22
50
30
28
30
49
47
48
46
52
29
49
44
54
29
25
28
40
66
36
39
25
38
26
22
29
41
42
25
45
56
14
38
30
27
68
30
30
28
40
43
31
24
38
27
23
73
17
26
23
26
26
40
29
35
28
64
29
42
31
27
22
33
32
37
28
26
66
35
32
17
23
25
29
28
30
26
25
15
43
19
16
31
26
23
10
15
29
33
27
18
29
36
27
19
31
12
30
32
20
26
24
20
27
8
15
19
14
20
15
8
22
22
19
13
32
20
17
22
24
38
13
31
16
24
14
18
21
10
10
52
6
16
7
28
12
28
24
25
24
32
8
17
24
24
22
21
17
26
12
12
8
19
20
13
8
24
16
12
15
15
21
8
11
4
4
12
10
8
29
8
19
18
6
23
9
4
11
22
11
5
16
13
7
11
7
15
16
6
23
12
11
20
5
5
5
14
7
19
10
9
15
15
13
17
15
14
19
9
19
6
7
7
13
26
16
7
12
7
5
10
5
10
9
17
8
14
9
5
10
9
7
15
12
5
18
9
11
9
5
8
3
5
8
17
4
18
16
8
15
9
11
13
8
5
10
16
6
7
8
3
19
13
29
9
2
8
6
18
6
5
6
11
11
8
5
9
9
7
6
6
5
5
14
12
4
4
8
4
17
1
3
4
9
6
21
0
9
11
13
4
4
6
5
4
4
11
8
6
6
0
2
10
5
14
5
1
7
1
2
5
7
5
23
3
3
1
8
3
3
3
2
2
9
7
5
5
6
9
6
8
9
7
7
4
13
5
17
19
20
24
7
6
8
1
3
10
27
6
3
1
6
3
6
10
7
9
24
3
12
6
2
17
4
11
2
14
13
4
17
6
14
4
6
2
4
3
5
7
3
6
0
20
11
7
16
3
2
1
2
17
0
11
3
10
10
6
2
3
17
3
3
8
7
9
8
5
9
1
7
12
4
6
9
7
4
8
18
13
9
6
9
15
11
12
10
16
11
4
13
8
5
17
15
5
10
12
10
12
12
15
28
10
3
5
18
24
12
17
7
11
12
18
5
34
9
15
6
15
23
31
19
15
9
6
10
10
29
20
30
27
12
21
10
9
24
5
21
17
15
9
14
13
13
25
15
12
8
20
15
8
29
40
27
25
39
24
14
16
9
21
27
25
26
20
42
34
21
33
13
15
22
10
29
12
12
20
30
11
32
19
27
32
14
17
28
29
19
21
16
28
20
18
20
9
20
29
25
13
40
28
18
17
12
27
27
26
28
21
34
21
32
31
22
18
39
31
61
22
22
20
30
21
17
17
65
23
24
20
18
26
30
37
31
29
29
26
8
14
20
33
30
36
20
16
47
29
40
33
22
19
15
21
8
13
14
13
19
11
26
19
29
13
11
11
5
10
13
17
14
4
15
8
21
9
15
8
9
18
10
8
12
8
8
13
15
29
19
13
11
1
9
27
20
10
1
17
20
8
11
22
17
16
8
9
6
25
9
18
3
19
28
10
15
10
10
16
8
20
8
8
15
24
10
7
25
19
13
12
15
32
22
13
15
20
17
10
21
6
7
20
25
15
14
12
11
14
20
11
17
17
11
25
6
22
12
11
5
8
5
9
7
25
8
15
10
14
7
6
25
15
18
24
1
8
3
8
8
16
4
13
11
25
14
18
7
25
26
17
17
18
11
24
45
44
41
25
33
30
36
52
21
42
31
47
50
72
45
46
52
71
40
62
41
48
68
59
53
59
66
43
83
69
51
61
52
44
61
52
51
62
32
45
50
57
36
46
99
63
57
67
61
67
43
63
46
62
50
60
79
74
42
66
49
50
57
33
51
36
41
42
52
76
62
63
57
72
61
55
56
58
40
64
54
89
43
63
71
60
44
50
53
74
38
58
41
79
74
41
49
58
49
55
38
65
71
64
46
55
57
51
44
53
59
22
67
74
54
70
79
53
61
94
56
86
45
38
56
55
73
56
85
34
48
50
86
43
49
58
40
65
45
47
82
64
107
70
31
54
59
60
63
59
49
40
70
46
47
45
37
43
59
43
56
41
19
63
51
66
52
42
43
45
63
49
52
54
48
47
54
72
47
44
50
30
58
65
61
64
58
46
49
68
59
36
45
66
38
50
47
42
41
60
63
54
57
34
40
33
78
59
56
51
59
53
92
45
54
39
50
45
70
46
38
29
46
51
51
53
27
61
40
44
45
33
47
44
50
41
56
43
108
40
85
53
31
32
48
53
43
59
53
52
57
29
61
49
54
70
67
43
45
56
38
72
67
60
54
62
78
109
54
44
43
39
46
69
34
35
78
79
37
53
76
56
55
26
45
41
65
55
64
38
55
51
51
31
47
53
55
53
37
62
34
66
39
59
46
38
44
31
23
70
67
53
58
28
48
63
51
62
142
38
47
38
43
56
84
47
48
35
51
61
43
43
39
59
37
39
51
39
29
47
51
46
46
52
41
43
64
48
48
54
40
11
63
37
58
52
59
33
64
63
37
48
42
37
37
57
41
99
39
51
55
24
40
44
46
53
66
29
41
37
26
45
63
36
46
27
50
32
48
44
39
35
45
23
30
41
28
49
31
34
45
51
44
46
38
30
31
29
43
50
27
35
46
37
73
28
42
62
22
56
39
36
32
61
42
37
46
50
33
34
22
41
41
40
29
32
37
37
40
37
42
43
36
35
24
37
23
36
30
32
36
34
41
31
27
24
33
27
23
49
33
21
43
34
44
47
34
27
38
31
25
25
41
29
41
19
34
13
19
10
23
35
24
30
26
50
41
35
54
48
37
25
23
28
35
37
26
22
40
39
75
24
61
29
40
50
35
48
62
26
49
56
30
44
26
40
49
55
25
27
34
41
32
43
40
31
40
37
46
33
33
41
35
34
50
31
42
53
45
37
37
28
29
25
32
48
34
39
36
40
43
55
54
47
23
31
22
34
37
34
39
31
42
26
35
60
59
35
30
41
30
26
44
67
37
37
22
43
31
38
29
25
40
35
52
26
29
47
37
59
26
38
37
32
35
41
30
53
47
32
29
43
55
39
35
41
45
45
49
61
45
54
28
47
33
67
25
22
33
57
35
41
47
30
28
36
59
57
50
27
32
34
25
45
37
32
56
33
35
44
43
29
54
37
24
42
68
32
33
44
71
45
32
39
29
40
31
39
39
42
38
52
40
37
31
54
30
17
34
19
36
42
17
42
25
37
44
33
44
42
36
48
80
41
25
27
38
26
30
40
37
41
25
20
20
49
35
29
40
38
32
34
27
20
27
26
33
35
24
25
16
26
33
28
31
23
42
20
24
28
27
21
21
24
17
24
25
32
25
26
26
13
14
24
24
37
9
48
25
18
27
28
26
25
25
31
17
29
25
44
31
23
17
27
30
27
9
20
18
20
14
24
44
16
18
19
15
22
28
28
15
24
17
5
20
58
15
18
27
21
11
10
9
12
25
14
11
25
17
14
15
21
15
24
15
21
10
14
14
31
20
22
26
20
15
9
23
23
26
27
19
20
17
31
8
19
16
13
25
35
11
21
39
14
12
11
22
5
10
17
20
12
15
13
5
20
2
38
33
18
29
5
11
4
13
6
9
7
17
9
10
17
13
4
8
10
10
17
6
1
16
7
5
8
9
6
10
16
11
6
4
6
12
11
15
7
14
11
8
13
8
17
10
10
10
6
13
8
12
14
1
4
20
11
13
13
12
12
4
5
5
17
9
7
6
5
12
10
4
14
6
7
10
6
8
3
4
11
15
8
9
9
11
18
5
5
12
9
19
1
27
10
2
2
6
4
3
6
1
8
4
2
17
0
5
17
9
2
6
5
18
3
7
5
5
5
6
8
4
6
5
2
4
2
4
4
8
3
1
4
3
3
13
6
7
8
12
3
5
2
8
7
10
5
12
12
1
10
14
13
5
7
2
5
7
2
4
11
8
7
2
3
4
4
1
8
2
7
11
1
3
13
3
4
4
15
4
8
6
4
4
1
4
0
8
5
14
5
12
12
17
1
3
4
1
6
3
6
0
5
6
6
8
6
1
5
14
1
10
11
8
7
10
1
11
1
0
5
7
0
5
9
9
4
2
3
3
3
3
4
6
21
5
22
6
5
5
1
2
1
11
2
14
6
2
2
3
6
3
1
6
1
1
8
8
5
4
11
2
2
3
6
1
7
5
10
12
11
2
1
14
2
8
1
17
4
8
4
11
9
10
3
0
3
3
4
3
1
11
2
1
2
6
5
12
10
2
1
13
3
5
2
18
21
5
9
7
2
21
7
15
7
5
11
10
26
11
9
18
11
6
12
9
6
12
16
9
8
7
19
8
4
13
19
6
15
10
14
6
4
16
8
9
6
17
11
14
7
13
15
16
11
7
12
12
23
10
6
7
17
14
33
19
19
21
21
13
21
5
18
14
11
21
17
12
15
26
30
20
7
27
11
11
16
10
11
18
20
15
10
15
11
18
26
17
22
4
14
20
12
17
6
10
23
16
22
15
8
16
19
24
24
30
27
21
27
9
18
20
24
23
54
16
22
4
32
25
17
25
25
13
26
19
14
8
29
21
30
25
33
40
42
24
28
16
25
29
19
38
16
29
30
31
33
16
45
15
35
28
51
20
35
32
27
20
29
17
30
89
36
18
32
42
36
25
25
41
31
41
22
25
33
48
18
30
40
38
37
23
28
42
19
24
38
27
36
22
37
25
46
44
42
50
40
49
42
47
17
35
27
40
34
61
48
31
26
30
38
27
49
50
55
49
43
40
45
35
33
35
50
43
33
37
36
32
40
33
47
37
35
37
21
70
38
47
48
48
35
45
32
30
54
31
43
34
35
37
67
51
26
30
51
47
46
42
86
47
42
48
55
50
63
72
21
53
35
40
61
54
39
58
34
51
61
48
36
64
34
50
49
31
34
63
49
32
60
67
43
35
50
35
35
49
42
40
29
52
56
56
105
41
52
63
34
51
30
31
64
49
35
37
26
57
32
41
74
45
48
23
47
39
68
40
62
48
53
36
53
30
40
52
39
33
27
47
59
44
32
43
38
49
28
26
53
55
46
74
50
47
33
54
33
35
46
71
64
44
35
59
56
54
34
42
35
52
35
51
46
52
45
36
79
49
42
44
42
37
55
74
33
38
47
37
41
31
44
59
25
54
29
34
46
36
25
30
57
47
46
33
42
35
30
36
24
41
23
45
34
46
42
53
47
44
43
31
24
59
31
51
36
46
30
42
46
58
42
41
41
53
37
46
47
37
50
33
80
72
44
88
43
54
50
46
36
43
34
57
27
36
140
70
99
41
49
48
62
36
33
37
29
68
48
39
66
46
43
28
52
81
60
64
59
61
32
47
64
46
45
60
51
39
47
27
66
86
34
50
61
40
47
37
59
68
43
35
42
57
55
48
55
53
47
32
51
39
51
44
43
41
64
69
47
46
32
61
57
64
54
40
33
30
34
36
41
23
24
57
80
57
61
52
30
48
39
45
51
35
47
29
37
35
56
52
48
48
44
34
44
71
30
54
33
26
26
52
45
51
77
57
40
55
36
43
26
34
31
39
60
61
42
34
64
45
63
25
39
58
47
29
70
45
41
48
53
32
26
67
48
48
42
63
38
51
35
41
32
47
33
68
39
57
26
38
39
46
43
27
44
37
49
40
56
37
46
35
44
55
60
25
37
28
74
55
31
61
41
71
44
38
51
27
38
40
46
43
36
51
64
44
42
34
50
51
49
43
66
48
70
30
54
71
55
30
60
34
45
45
54
48
54
46
34
61
36
33
56
59
48
61
37
53
37
45
60
34
56
41
42
24
42
46
50
47
34
63
42
40
34
35
41
30
72
36
73
33
25
34
71
37
33
45
45
30
41
19
44
65
62
41
43
35
47
30
40
48
70
34
44
39
38
25
51
30
36
31
33
43
60
42
47
23
65
41
48
35
37
48
54
41
34
29
43
33
40
21
29
54
39
65
46
31
42
20
48
31
22
39
35
38
40
50
47
40
35
39
39
45
21
30
52
40
43
47
43
34
34
61
136
57
44
39
38
33
45
41
30
29
38
43
37
37
38
57
70
38
50
36
47
36
31
45
33
33
30
33
37
45
45
35
63
33
30
68
37
51
34
47
54
36
51
42
35
43
55
35
46
45
44
33
64
36
41
28
29
44
53
37
35
37
39
34
39
37
35
49
33
36
54
46
33
26
44
19
37
38
41
30
52
58
33
59
34
25
29
47
43
48
42
53
51
21
54
38
39
45
46
52
37
40
42
66
51
56
32
49
38
33
46
34
52
40
33
34
44
29
42
38
45
30
40
40
45
46
42
45
45
40
31
35
34
41
70
43
46
39
23
34
39
44
40
26
38
35
37
57
38
27
75
43
32
23
29
41
74
49
32
41
38
46
44
51
56
43
35
31
35
37
39
28
37
31
42
28
30
33
43
38
31
18
19
27
48
36
46
41
48
40
33
51
33
36
50
30
21
26
28
45
31
33
27
58
55
26
41
41
50
34
20
30
29
53
32
32
35
21
48
53
23
20
20
25
37
50
20
22
26
35
28
28
22
38
17
35
42
33
41
15
30
42
21
27
35
49
16
58
21
24
32
35
20
30
21
44
17
28
30
22
41
34
21
30
18
19
32
22
19
15
26
34
43
22
17
38
12
22
39
25
27
20
20
19
25
18
30
17
35
25
19
31
20
29
22
12
18
24
22
16
50
10
19
25
24
37
12
9
17
29
9
24
23
26
14
44
29
14
15
42
19
16
16
13
25
16
18
23
27
18
25
38
13
27
33
13
13
25
25
6
21
6
22
9
19
33
16
7
54
18
40
27
13
22
12
18
7
14
11
14
14
20
21
16
22
8
6
19
20
14
16
11
31
11
16
13
18
27
12
8
14
13
27
10
10
14
13
11
6
13
9
8
15
7
11
28
16
12
15
3
10
9
22
9
13
10
9
25
18
5
14
25
5
9
8
4
12
11
12
21
12
10
13
10
16
19
11
23
22
9
4
15
11
13
5
8
11
9
12
10
5
13
6
6
17
5
4
8
8
7
4
18
4
10
16
6
3
18
4
0
15
12
6
3
3
2
9
9
8
20
1
1
6
2
2
13
9
14
4
8
6
6
6
7
5
7
6
17
12
13
6
6
8
21
11
4
15
10
14
9
3
2
10
8
8
12
6
11
17
13
14
10
4
2
14
17
14
18
10
5
7
4
6
20
8
10
4
5
6
2
3
4
7
8
7
8
5
20
5
4
6
1
6
4
5
9
8
2
8
6
2
4
17
5
13
2
7
5
9
8
5
6
9
6
9
11
3
3
7
7
5
1
9
12
8
14
5
2
7
5
3
16
5
2
12
8
6
1
7
1
10
4
21
1
10
12
1
4
2
15
3
4
7
5
3
7
5
17
8
4
18
15
12
7
7
14
7
11
6
8
8
3
9
5
5
12
4
6
20
10
9
6
9
12
7
6
8
5
5
2
11
5
6
11
4
20
1
8
21
3
11
5
16
6
11
8
8
5
11
5
6
11
9
14
1
10
15
5
9
12
7
10
10
16
11
31
15
25
5
9
25
28
6
13
13
8
16
18
10
12
7
7
15
17
15
19
16
9
26
34
15
14
16
26
13
13
25
31
28
9
10
12
28
9
12
14
14
18
18
15
18
17
27
19
19
20
29
35
16
17
27
12
18
19
23
21
19
17
16
27
20
25
47
30
22
24
38
19
17
22
18
29
13
40
23
25
23
25
42
48
19
25
28
43
24
14
22
33
33
16
50
32
26
18
46
37
42
38
21
19
23
18
21
23
33
23
29
29
45
36
35
28
31
30
55
29
25
27
30
28
50
48
31
29
36
38
42
42
23
24
35
48
54
39
32
42
44
32
40
47
34
40
48
13
47
45
35
52
26
70
27
33
48
44
45
38
40
44
55
51
49
64
41
56
47
56
39
55
42
48
45
48
31
59
37
65
56
59
64
50
43
36
46
65
57
38
35
50
69
47
61
42
55
56
61
42
42
37
56
49
53
56
59
35
73
34
46
55
56
29
54
41
60
82
62
41
38
33
42
56
49
43
35
54
61
65
42
48
41
52
52
42
59
49
59
90
51
54
54
51
84
74
73
58
65
58
40
52
99
48
56
27
97
31
52
32
58
61
60
90
57
57
58
41
87
48
53
79
68
38
95
53
86
63
41
41
49
60
66
64
39
55
68
52
57
49
75
95
77
41
61
49
83
78
58
45
44
59
106
39
55
57
40
57
149
81
77
56
68
34
55
54
74
66
54
76
119
47
70
57
36
98
45
76
69
91
61
52
65
57
75
65
49
51
87
88
73
40
48
58
55
68
77
76
53
60
54
48
76
50
42
78
65
82
54
59
87
48
56
62
43
34
57
35
47
56
44
65
74
64
68
58
56
64
65
44
83
52
55
62
57
50
57
67
34
56
56
44
55
47
71
61
48
51
43
51
52
37
64
53
53
63
51
70
69
59
45
48
49
63
53
46
33
64
49
57
65
52
45
37
66
46
49
66
56
69
55
81
71
65
33
61
57
55
87
59
47
41
84
61
71
45
69
57
47
70
70
55
82
121
87
80
47
45
61
48
60
38
65
36
38
58
43
59
55
74
83
54
40
65
52
54
36
47
33
48
102
42
44
72
49
62
39
44
48
61
79
69
69
39
41
46
47
102
55
55
60
48
54
65
70
37
47
63
36
40
59
37
31
50
43
51
50
55
46
53
57
71
52
65
67
48
54
97
43
39
42
49
53
53
31
47
92
68
41
58
81
34
57
37
42
52
60
51
76
43
52
66
48
46
36
67
37
42
52
154
69
63
55
22
52
43
50
42
35
60
28
76
34
59
41
63
38
78
53
49
39
27
33
43
63
44
39
44
55
34
63
39
74
51
38
40
46
52
39
72
51
52
44
46
68
35
67
45
40
48
41
55
30
39
40
38
41
35
41
78
38
43
76
48
38
54
44
43
61
35
46
75
54
36
58
59
47
31
66
40
48
61
49
62
29
70
56
42
34
50
55
36
39
46
73
49
60
29
40
62
64
31
55
45
38
36
54
59
34
60
53
34
27
28
35
52
66
40
28
23
50
34
33
41
48
21
22
48
41
59
34
32
32
40
50
37
45
35
29
46
48
26
52
30
38
59
32
36
32
31
57
38
46
46
41
46
44
31
22
39
27
34
66
33
47
49
49
48
35
34
57
31
33
32
39
75
54
30
24
39
38
41
17
41
37
29
56
38
36
25
24
64
29
48
32
34
101
44
45
28
29
31
48
45
57
27
43
32
31
34
32
28
42
47
28
51
48
40
22
32
30
27
38
29
37
36
38
20
36
39
34
30
43
26
28
25
43
43
30
22
34
52
66
40
19
37
34
22
27
34
29
23
30
32
31
45
26
29
47
40
24
26
17
38
40
48
39
23
37
29
34
39
42
38
30
22
28
32
35
23
35
26
49
33
34
33
37
31
27
25
46
47
29
42
30
46
30
41
32
26
29
24
23
42
29
30
26
26
27
17
34
47
18
32
24
50
24
44
18
40
31
26
20
26
29
48
43
29
46
37
38
28
30
55
32
40
26
38
39
32
46
41
19
37
44
60
32
32
57
26
34
41
30
40
28
33
36
40
54
11
26
40
36
24
35
36
33
44
41
29
36
35
34
21
24
33
39
28
40
22
24
24
27
39
29
11
29
31
28
14
41
23
36
41
28
29
34
22
22
25
25
65
11
22
34
31
28
23
27
24
48
24
12
25
21
37
18
15
50
49
26
54
18
19
33
17
19
36
31
45
26
45
12
17
21
25
14
21
43
40
23
36
11
41
36
24
26
19
15
31
20
21
32
25
15
31
13
27
20
12
9
14
29
28
20
39
31
34
21
13
28
15
12
15
24
13
15
18
21
18
21
12
21
14
24
30
13
25
22
21
9
14
30
18
19
17
26
19
21
31
20
24
13
22
33
20
15
17
18
6
17
21
18
19
14
20
23
30
27
9
18
29
22
17
18
20
9
27
14
11
25
17
16
26
11
9
25
12
15
18
8
11
18
19
20
10
11
55
9
12
16
14
25
24
17
21
7
10
36
8
5
13
12
13
17
12
10
21
7
22
21
19
13
5
13
18
21
8
15
16
16
8
9
4
6
10
16
11
1
17
14
17
9
8
12
7
11
7
24
7
4
6
9
5
11
7
8
16
17
13
13
7
13
13
4
16
12
12
10
2
6
13
9
6
13
12
2
4
6
9
13
15
5
25
12
3
11
14
9
3
8
2
16
6
5
26
5
10
8
6
3
7
7
15
8
17
13
4
11
19
4
7
16
4
7
2
5
12
2
10
10
7
6
12
3
10
18
6
14
24
8
2
9
7
3
19
2
8
4
11
7
5
11
3
4
20
0
9
18
3
11
10
4
11
9
9
12
33
3
4
3
4
4
1
2
9
4
6
2
7
8
2
7
10
4
11
1
5
6
6
5
6
6
3
2
3
1
8
3
4
10
3
6
6
1
3
11
4
11
3
3
9
8
0
12
5
15
5
15
11
9
1
2
3
16
2
5
4
6
8
8
6
11
5
7
5
10
5
5
3
1
6
1
2
1
7
4
2
1
6
8
2
4
20
4
6
7
8
6
9
7
3
5
3
16
5
16
5
3
7
12
1
11
9
5
15
7
1
7
13
4
3
17
22
4
34
4
4
3
2
6
18
3
10
9
8
4
11
2
5
0
4
2
0
7
4
14
2
5
9
4
17
5
3
0
3
11
11
4
5
7
10
10
6
3
2
7
3
11
6
9
9
8
11
8
7
5
5
8
1
7
15
7
7
10
15
5
8
7
7
13
8
28
1
31
8
4
6
7
5
4
10
7
14
8
6
13
6
18
19
9
5
4
18
8
18
5
18
14
14
12
26
24
19
14
29
20
24
5
14
13
22
24
7
25
10
14
16
21
16
21
19
17
16
24
25
40
25
29
39
25
9
18
20
5
17
36
27
18
24
30
27
22
27
12
18
22
11
13
23
25
28
15
24
23
16
31
22
54
28
22
30
21
25
30
16
15
20
25
22
26
35
20
19
20
23
30
21
20
24
31
37
26
32
42
26
27
22
22
38
25
26
25
22
29
46
29
25
33
29
23
51
15
22
46
63
30
20
24
20
44
15
22
38
40
23
41
42
41
17
43
46
55
27
27
32
52
28
58
45
77
21
24
25
24
45
35
36
56
34
28
25
23
47
30
41
39
41
35
43
24
31
45
58
52
53
34
42
45
26
44
46
63
46
78
39
43
34
21
45
25
42
49
56
26
30
45
46
52
33
47
39
55
48
61
43
81
40
26
46
54
37
56
47
56
50
38
40
47
53
50
51
44
46
44
73
44
46
40
76
39
67
69
42
37
65
39
40
56
71
37
46
62
43
34
31
37
45
50
39
52
46
48
69
40
37
53
54
72
67
39
31
57
66
83
51
67
48
47
50
62
73
63
83
57
32
60
37
45
55
37
44
44
63
48
55
66
66
42
73
82
60
42
47
53
30
55
48
54
52
39
33
55
50
44
30
49
69
48
58
70
41
53
61
58
45
83
64
62
47
46
76
35
52
61
43
57
57
40
54
76
63
45
43
47
55
40
61
66
45
62
39
75
75
77
65
39
59
53
53
69
41
48
59
53
46
42
50
57
30
49
46
26
59
46
56
66
44
61
73
32
68
52
37
39
38
60
30
50
61
43
38
41
45
43
43
115
66
55
70
63
63
46
81
58
57
74
63
42
31
42
72
64
37
56
50
77
48
52
50
58
58
51
72
46
58
50
71
47
89
58
34
64
64
59
24
44
96
35
60
42
50
51
35
43
38
41
49
41
30
52
54
57
37
81
38
49
111
45
61
65
63
55
37
59
38
40
52
40
50
29
58
43
44
59
56
55
56
54
46
69
47
53
59
34
59
42
45
49
41
43
46
57
41
44
54
60
54
49
34
44
71
46
32
27
62
42
43
47
47
44
40
45
43
41
59
43
52
47
38
66
68
47
36
67
36
41
59
46
40
43
62
46
40
54
57
38
36
58
49
58
31
49
65
43
36
49
38
43
54
43
77
59
70
28
50
63
49
66
50
49
38
30
52
70
77
44
46
68
29
28
39
52
41
47
67
32
41
45
43
60
44
57
53
41
70
24
39
45
48
60
60
69
50
40
54
38
37
44
34
54
51
52
47
28
67
62
56
64
44
34
44
67
46
78
46
39
36
58
34
25
63
51
57
29
46
83
34
52
54
30
30
38
51
42
75
44
32
68
45
64
51
35
44
45
66
46
58
26
25
45
33
26
24
57
38
47
31
36
57
32
43
33
54
35
21
25
31
39
38
38
26
31
33
41
31
46
45
57
28
42
55
22
41
41
43
38
22
44
32
29
44
28
25
47
45
51
35
24
37
22
28
50
17
63
40
38
30
30
46
33
45
25
46
21
44
16
40
37
33
51
43
36
24
31
33
29
43
27
39
44
28
31
29
43
21
50
30
26
49
38
46
35
40
45
35
20
29
34
32
18
29
37
47
54
26
45
40
41
52
37
43
28
32
52
36
36
50
29
34
29
29
48
27
31
35
49
30
29
27
30
27
30
41
23
19
21
34
34
58
22
19
27
16
35
29
33
31
32
26
11
22
44
35
27
52
17
58
33
25
25
32
34
32
29
33
35
29
33
40
33
33
29
36
27
27
35
27
37
35
32
37
33
36
38
29
47
28
32
28
39
29
26
31
35
28
56
41
30
58
31
30
44
44
30
24
30
39
36
22
36
23
24
34
40
25
28
45
34
23
25
30
30
18
56
39
41
31
54
34
24
8
22
28
27
33
33
35
34
19
29
21
28
24
34
17
29
28
20
32
38
56
24
20
38
23
22
53
26
29
31
35
29
44
17
37
19
51
34
17
17
22
37
22
32
42
38
41
34
28
23
35
23
26
32
34
35
27
22
29
31
25
27
34
24
28
31
25
26
29
19
23
33
24
30
29
30
31
22
18
22
22
20
33
35
27
31
18
22
20
24
12
32
23
18
37
23
30
22
16
35
26
19
38
13
28
25
30
15
31
14
16
22
18
24
37
30
51
36
11
12
31
27
32
35
19
18
14
28
19
13
26
23
22
7
10
22
26
29
22
19
19
28
29
14
19
46
17
31
13
19
43
15
22
11
16
26
16
17
16
17
19
18
7
17
13
24
10
18
5
14
20
25
15
24
15
23
21
40
17
12
15
20
18
10
24
7
10
7
10
16
19
33
10
42
36
15
12
18
18
17
10
29
22
7
16
19
20
19
26
7
29
3
15
14
10
15
21
14
9
27
12
9
17
21
14
16
11
11
26
10
17
9
22
8
8
22
14
14
8
11
31
6
17
8
14
14
12
12
18
9
22
7
7
4
7
23
10
9
11
7
28
17
11
12
9
10
6
12
9
10
10
16
11
13
7
13
9
9
10
8
22
9
27
13
4
10
14
1
8
4
12
8
14
21
10
5
25
10
21
4
10
1
28
6
11
8
11
2
11
5
6
7
4
6
23
7
10
5
9
7
7
7
8
8
4
21
9
9
7
3
6
8
5
3
2
7
2
13
10
3
13
1
15
9
10
9
6
2
22
7
3
6
1
10
2
6
5
7
9
14
7
10
4
19
4
6
7
2
4
8
0
3
2
8
5
7
1
7
5
1
8
5
4
1
0
1
1
2
7
3
1
3
3
2
3
1
1
0
3
5
5
5
2
6
3
1
8
4
5
10
3
3
3
2
13
8
0
3
5
5
8
3
13
8
5
13
0
9
2
6
7
3
4
1
2
10
10
13
5
2
2
2
0
1
2
5
15
2
11
4
11
6
1
4
3
2
10
6
2
7
0
12
8
0
4
1
0
4
1
7
0
1
2
3
2
0
1
20
2
3
1
5
10
2
1
0
0
5
2
9
6
1
21
5
2
1
4
3
4
4
0
2
11
12
1
2
1
1
4
4
0
5
11
4
2
1
1
7
1
3
15
2
2
14
1
15
3
7
7
2
1
16
3
9
3
3
2
2
0
20
7
15
9
10
6
0
10
3
6
2
9
4
6
8
18
7
3
5
8
7
5
2
15
7
24
8
6
5
4
5
13
14
9
13
15
9
14
6
2
23
8
16
14
7
15
13
12
9
9
8
21
7
9
10
13
7
20
23
8
2
12
3
13
9
14
9
23
16
11
17
13
19
11
9
16
11
20
14
8
11
15
14
12
10
16
13
22
10
15
15
36
18
30
16
12
12
15
10
12
27
20
7
21
16
21
17
16
30
17
8
22
16
15
6
24
15
15
14
20
21
14
28
39
27
17
15
15
17
21
14
28
23
33
22
40
23
23
32
22
20
22
50
25
16
29
11
27
23
29
22
17
18
24
32
28
25
25
33
39
46
45
26
31
21
17
33
18
23
23
38
18
22
18
51
46
24
36
34
28
34
30
48
32
36
21
36
39
38
51
21
21
30
32
48
25
14
28
22
36
36
52
43
30
27
38
25
36
25
33
34
39
35
35
42
38
26
28
43
35
40
43
24
46
57
43
45
36
28
29
76
59
57
51
35
42
29
51
39
24
32
35
37
43
49
33
63
44
36
44
53
35
54
60
42
32
36
53
28
70
66
47
39
48
42
53
45
43
46
33
45
28
44
51
63
38
40
40
51
56
43
67
63
49
31
51
54
43
30
39
55
67
40
45
51
40
53
25
47
57
27
62
26
59
25
34
64
59
59
80
67
50
39
66
56
59
71
44
44
62
52
66
48
30
52
44
32
44
38
61
55
50
28
48
49
28
61
45
38
50
69
42
49
49
46
44
78
40
56
29
60
78
72
54
58
61
49
66
39
35
36
59
51
61
41
57
31
25
34
38
52
45
39
24
37
50
53
35
63
39
42
61
70
53
50
58
58
53
27
39
73
64
46
70
46
44
42
64
64
48
57
48
45
37
45
52
52
58
34
74
52
31
64
45
61
47
47
54
68
38
37
34
34
74
40
81
49
49
62
52
50
28
44
45
73
55
45
35
34
40
52
64
57
32
41
44
68
50
52
46
62
29
49
30
44
53
55
54
64
63
44
43
63
43
52
81
43
39
60
49
42
57
58
46
45
34
49
44
65
31
62
58
80
55
50
28
35
44
52
39
35
45
45
39
48
69
49
45
41
73
46
49
50
45
70
38
49
37
24
55
79
53
53
42
39
45
62
44
56
59
64
58
26
24
43
41
49
46
53
56
45
32
91
31
39
66
50
71
54
106
95
33
58
44
57
44
77
48
45
48
38
47
49
43
62
62
46
43
71
56
42
43
47
33
49
60
53
55
59
27
53
40
49
61
47
47
46
26
48
54
61
60
48
50
46
42
48
33
34
52
41
31
56
47
36
56
44
49
46
48
36
48
27
63
63
43
44
44
56
47
49
36
51
31
53
37
52
43
40
57
36
34
58
38
39
48
47
48
33
38
45
41
62
38
47
72
26
43
37
46
47
62
44
24
65
46
42
36
36
36
51
36
16
41
34
27
31
35
36
36
44
51
35
48
89
43
38
50
47
39
31
81
81
34
56
50
47
39
75
41
36
43
58
32
50
23
49
16
47
44
36
30
41
44
25
41
49
58
30
36
47
28
35
60
44
47
29
46
37
52
64
51
39
44
47
33
53
39
56
18
25
34
42
31
69
36
29
38
37
51
40
38
27
61
43
52
71
35
38
33
46
34
49
33
40
30
23
22
24
49
50
47
44
44
46
31
31
32
45
38
32
32
45
21
49
17
29
30
26
45
25
30
43
31
48
30
36
30
43
35
49
36
43
35
36
51
34
36
53
34
42
24
34
26
17
41
48
40
32
28
28
37
40
36
40
34
45
44
37
50
36
48
33
43
29
26
36
25
29
31
26
45
42
31
50
29
54
34
24
28
35
57
40
37
43
39
28
38
39
41
25
33
39
42
33
23
44
31
33
42
38
24
28
49
32
20
39
26
29
38
33
26
31
43
27
27
48
31
41
44
28
42
36
39
32
46
28
32
24
37
29
43
41
40
38
44
26
16
39
21
19
40
31
24
29
50
27
15
46
31
34
42
25
32
38
34
21
38
19
37
40
20
39
42
21
42
35
31
40
33
42
53
16
28
50
26
40
38
32
39
37
26
23
29
49
21
34
33
25
45
16
25
32
28
33
29
43
22
33
26
28
34
43
35
54
31
37
26
35
34
25
41
20
16
41
19
19
36
31
25
25
21
42
44
30
22
18
28
24
30
22
20
35
14
21
25
35
26
26
27
41
28
14
21
43
50
17
22
27
25
21
27
28
32
22
30
17
36
24
31
30
21
31
26
17
27
8
19
23
45
25
35
33
27
33
22
36
21
27
16
40
32
24
43
39
27
35
34
16
27
11
23
36
23
9
21
30
28
18
18
27
16
17
25
35
19
22
10
15
16
28
35
29
24
22
21
31
43
16
19
21
19
25
30
13
17
22
13
25
18
38
19
8
21
9
15
23
14
8
16
28
8
12
27
21
8
30
11
15
7
28
20
18
14
23
10
26
18
16
18
9
13
13
10
13
19
14
10
15
10
17
12
16
22
5
23
23
16
5
6
4
4
14
33
16
12
4
27
11
16
9
14
21
17
29
19
16
19
5
6
7
10
10
33
22
17
21
6
9
16
10
4
5
10
8
5
10
14
10
11
13
12
7
29
3
3
22
8
17
16
7
15
1
9
14
2
3
11
4
7
11
14
7
15
12
8
19
4
4
5
7
11
6
12
4
7
6
3
8
11
2
6
6
12
14
16
6
8
5
9
6
9
10
6
9
17
11
8
5
4
3
8
7
2
7
12
6
17
2
18
5
3
2
4
6
5
13
5
4
4
10
1
7
8
6
5
1
0
9
2
6
6
3
4
5
5
21
9
8
5
6
4
6
4
4
1
8
7
6
3
8
8
2
2
8
8
7
5
5
11
5
0
2
3
7
4
1
2
0
1
2
0
4
4
14
5
2
3
4
24
5
4
2
3
2
7
1
3
1
3
17
10
6
2
8
2
8
1
6
3
7
0
2
1
4
6
2
4
4
5
1
3
7
8
2
6
8
3
7
2
5
8
0
5
4
1
4
2
10
5
10
3
5
3
7
1
6
0
11
5
2
1
3
8
5
7
7
5
2
3
2
4
3
6
7
0
3
8
2
16
5
1
6
5
6
8
6
3
14
6
15
2
1
16
7
12
6
2
5
10
4
9
7
12
3
2
2
5
3
15
6
1
25
13
8
12
8
2
10
3
3
9
10
2
6
5
2
8
4
7
19
14
22
9
9
6
8
4
23
9
7
11
4
9
6
5
5
13
8
7
10
5
11
6
12
22
7
8
12
13
8
9
7
12
9
15
4
3
8
2
7
4
7
10
14
13
8
27
11
16
10
4
20
20
6
12
10
8
3
16
22
5
11
11
7
12
27
11
22
21
14
7
21
11
15
23
16
18
21
22
15
52
19
14
18
21
13
20
13
21
26
22
26
14
27
12
9
19
15
18
17
17
18
42
19
10
30
25
29
17
34
21
31
42
25
32
23
13
27
11
19
36
20
22
26
17
33
22
16
25
21
15
30
15
29
27
26
27
22
40
46
22
28
55
28
20
37
32
28
59
59
28
60
26
36
18
41
20
33
47
39
18
26
45
66
23
12
18
40
25
37
49
29
36
38
22
32
25
28
24
38
37
31
39
21
37
39
45
46
48
34
38
45
33
58
48
51
43
42
21
26
47
56
43
35
42
56
42
27
58
69
37
66
32
56
41
50
46
36
33
41
28
30
29
51
30
48
20
37
31
74
42
49
34
38
33
40
35
27
69
49
50
74
44
70
33
45
37
39
39
67
54
37
74
39
34
24
36
66
62
33
45
62
26
43
31
49
44
44
38
34
60
57
55
59
33
56
51
46
34
38
65
43
35
38
65
42
53
56
45
40
53
48
72
58
33
45
45
50
63
49
73
61
30
45
47
59
43
56
70
52
59
40
63
67
37
48
43
78
91
62
41
40
28
54
45
51
30
67
58
78
45
54
35
101
43
69
58
30
45
83
51
54
38
56
70
73
69
56
59
48
72
81
53
50
58
67
68
30
44
40
45
61
64
58
68
43
58
42
58
47
43
39
45
42
59
57
77
41
52
40
38
52
45
48
60
57
51
42
29
39
52
67
25
39
47
41
65
48
66
39
40
37
54
62
34
62
53
63
63
33
59
44
59
47
48
50
46
74
38
52
64
38
62
42
60
44
71
52
54
35
25
45
39
56
36
63
51
76
42
50
53
50
63
75
55
44
48
44
58
55
49
72
48
47
51
49
53
58
46
35
61
47
53
66
55
55
61
36
43
51
40
37
44
72
63
37
54
35
59
36
40
39
48
43
46
68
43
81
59
61
71
62
57
36
37
73
33
73
44
33
61
40
46
56
39
67
42
55
41
68
49
76
61
31
64
55
43
62
36
44
49
85
77
56
40
40
76
48
54
85
53
62
42
61
52
59
52
69
54
101
46
52
49
69
42
54
68
59
50
49
57
49
72
94
46
40
57
70
43
23
48
39
23
46
25
56
45
46
78
50
47
66
46
35
36
49
30
41
44
60
51
39
47
75
61
41
45
60
48
33
44
67
55
45
45
20
58
45
40
59
58
59
31
52
40
66
38
44
36
26
44
42
36
32
32
36
41
37
112
49
41
29
48
22
46
57
42
71
37
43
55
39
67
40
33
58
36
37
44
49
55
40
30
64
53
55
28
38
39
29
49
44
15
52
37
50
46
18
39
31
33
55
27
40
38
23
41
27
67
38
43
43
47
21
40
29
48
27
37
43
21
46
29
42
30
19
65
53
67
40
36
22
44
38
36
26
32
25
40
28
29
38
23
30
68
30
50
26
45
20
36
30
30
21
32
32
34
28
62
52
23
33
27
52
43
25
35
32
27
44
36
31
31
30
37
33
29
41
31
44
25
33
28
38
34
28
39
46
25
24
32
38
40
29
21
29
27
32
28
34
45
43
23
27
41
15
28
31
34
9
31
33
36
18
24
24
38
44
33
40
37
37
28
39
47
25
31
33
44
38
37
32
29
43
45
27
29
22
37
31
37
24
24
42
32
28
31
19
33
30
43
19
42
28
51
30
42
37
23
34
40
38
35
24
40
27
27
50
24
45
43
24
35
38
30
31
28
47
21
25
30
24
21
18
41
35
34
19
29
41
34
58
37
51
42
27
35
37
30
30
21
17
52
30
33
10
36
26
25
25
28
30
37
38
28
32
31
29
38
35
41
22
49
38
41
24
14
26
35
44
19
42
30
25
32
17
19
28
24
28
35
24
35
45
32
34
38
20
19
31
42
52
25
41
37
21
43
52
39
31
20
31
30
16
47
30
27
33
17
13
16
44
49
30
42
25
30
42
40
24
26
26
21
26
22
37
48
35
26
38
40
26
40
33
33
20
36
17
29
40
20
31
20
30
97
20
32
37
27
34
31
42
42
31
31
27
35
20
18
18
15
19
26
28
24
35
16
28
39
24
29
23
22
29
20
15
36
25
23
26
32
27
29
28
29
30
43
11
21
29
23
54
28
17
26
20
11
15
37
27
53
21
17
24
19
23
31
20
20
41
18
36
26
21
16
16
22
33
18
21
22
18
24
22
25
14
26
23
28
16
26
32
13
25
27
9
16
17
51
36
10
24
12
14
20
14
37
26
28
11
8
24
6
18
20
26
14
17
28
28
18
25
30
26
10
16
14
24
22
15
8
22
72
15
12
8
22
18
9
9
9
18
31
33
8
21
17
9
8
11
18
9
16
29
11
15
19
10
18
12
8
9
19
14
10
10
12
4
11
7
15
11
9
9
22
9
8
23
4
2
13
8
8
10
15
8
10
16
4
21
8
9
19
6
19
6
3
4
8
9
15
6
8
10
5
3
18
10
11
13
17
5
12
7
11
21
7
15
1
9
7
6
24
13
31
9
9
4
19
29
8
12
7
9
8
13
8
15
8
18
20
8
3
2
3
7
10
9
5
4
5
47
7
7
4
15
6
9
6
4
7
5
3
6
17
10
2
8
7
15
4
5
7
5
4
7
10
3
8
3
10
2
4
3
3
9
3
12
3
1
16
13
8
6
1
12
0
1
8
9
11
6
3
8
4
5
3
9
2
5
4
5
6
11
17
7
1
4
1
4
6
0
1
1
5
19
24
15
4
2
3
7
4
3
0
4
6
4
2
4
6
0
5
8
6
5
3
1
11
25
23
4
5
2
15
9
2
8
5
5
8
1
4
1
1
1
1
6
1
4
4
2
5
9
6
4
1
1
4
2
3
4
0
2
1
5
4
0
6
6
6
4
1
1
9
3
2
7
0
7
2
1
8
1
7
6
3
5
0
2
8
4
4
1
4
2
7
8
8
4
14
3
0
9
2
4
6
5
5
6
1
4
3
3
7
5
5
5
12
2
3
4
1
26
6
15
10
5
5
2
10
4
4
18
7
16
21
10
12
14
12
0
2
20
8
17
12
14
10
6
9
9
12
3
21
7
2
18
6
2
7
17
4
3
5
8
6
6
6
3
14
12
6
12
9
5
8
5
3
5
8
6
7
11
14
10
17
8
8
4
7
14
15
9
3
15
6
15
11
18
4
23
8
4
2
15
18
13
17
11
9
10
9
15
28
21
17
8
15
7
17
11
39
11
18
18
8
14
17
30
23
5
19
7
28
14
14
8
13
20
29
16
19
17
13
16
25
8
10
13
24
23
21
19
18
20
24
12
12
19
12
22
19
21
19
20
28
24
14
14
24
20
13
23
17
28
13
28
25
17
9
29
28
15
25
20
22
50
31
26
30
16
16
19
25
25
17
22
19
35
25
21
33
48
27
32
53
34
35
55
25
29
55
46
32
23
25
48
32
55
28
30
42
26
42
26
36
40
39
26
51
32
34
36
14
21
24
33
33
27
51
63
47
24
41
39
28
51
45
27
23
25
57
32
23
43
24
42
55
40
22
43
24
34
49
47
47
40
31
25
47
85
42
37
28
36
42
35
31
40
30
40
49
36
34
32
37
27
44
34
38
47
25
51
29
32
42
38
30
38
21
29
36
27
49
72
49
50
38
36
59
56
42
27
45
29
34
41
47
45
35
36
31
43
48
31
76
23
45
65
33
35
52
32
41
52
35
36
50
59
37
44
41
33
41
40
87
31
35
75
52
49
77
47
44
32
57
39
80
51
58
64
55
35
49
33
46
32
54
52
49
29
38
41
47
49
20
44
65
72
36
57
41
68
55
36
33
55
42
35
65
44
45
39
39
35
41
34
34
49
60
45
32
21
54
40
59
29
56
43
79
53
47
45
28
27
61
38
79
41
41
26
43
83
57
42
56
28
31
65
48
52
55
52
38
40
51
42
51
48
40
41
46
56
43
31
47
50
31
25
96
32
40
32
45
54
48
43
48
36
47
34
64
39
41
43
40
29
41
55
30
40
40
30
33
43
61
44
70
38
29
38
52
36
99
34
69
53
41
33
25
79
80
25
31
31
63
37
47
50
37
43
65
40
33
44
63
51
70
40
45
36
71
64
32
51
55
80
59
34
29
38
59
35
24
45
40
36
61
50
37
66
35
33
27
39
29
50
36
54
54
63
49
52
59
45
39
52
58
35
46
67
39
23
40
43
30
42
40
51
33
29
46
46
33
32
48
30
63
24
53
37
46
42
147
49
56
55
40
41
100
44
42
46
57
54
45
34
36
59
46
35
32
23
48
43
39
60
32
71
39
39
45
49
49
25
20
45
44
37
66
55
41
24
35
32
25
41
25
50
53
50
51
19
49
44
35
37
33
40
42
37
48
57
37
34
37
21
65
35
29
43
43
30
47
32
27
29
53
52
41
28
35
63
53
41
70
34
36
27
55
29
37
27
55
30
31
46
29
37
31
50
38
65
33
43
30
21
43
37
43
39
27
35
35
30
36
23
46
31
28
24
29
42
34
28
23
23
54
71
40
31
34
36
23
47
23
63
25
29
28
45
36
28
39
30
21
38
30
37
30
35
56
35
36
27
28
20
51
25
44
34
30
57
41
43
129
42
24
41
18
23
22
29
37
19
25
35
28
30
47
44
25
27
37
28
28
27
22
20
26
24
17
38
22
34
22
34
23
50
27
26
42
31
17
53
28
38
42
40
28
30
31
32
27
27
57
19
34
17
29
25
35
24
24
41
21
33
28
38
17
26
34
22
26
13
51
29
19
21
18
27
28
15
26
39
26
47
15
17
22
35
29
38
24
18
50
33
51
26
50
35
33
27
28
30
46
24
20
15
26
31
24
19
20
29
30
31
30
27
20
32
30
33
20
24
53
31
23
34
40
19
38
44
32
26
16
45
26
28
28
34
31
22
24
28
50
32
32
23
22
28
36
17
33
26
31
21
30
28
29
32
40
26
16
16
31
45
34
18
36
32
31
11
35
34
16
45
22
23
25
34
21
37
28
28
15
30
39
36
32
32
12
35
24
22
36
26
56
56
37
34
35
40
22
45
25
28
24
37
30
30
19
23
27
31
26
13
23
31
33
20
19
21
31
24
25
8
27
22
25
31
11
24
14
41
24
24
22
17
23
27
40
27
19
36
36
32
22
25
31
20
41
17
27
38
25
21
36
24
43
29
29
31
36
26
20
39
31
25
28
21
37
61
33
29
24
34
25
35
19
12
28
25
11
36
14
28
21
18
41
27
20
23
12
22
44
20
24
34
21
27
31
22
19
17
20
21
19
27
27
28
29
19
16
35
35
33
17
14
23
40
33
34
17
23
26
22
21
15
18
29
29
20
20
22
12
15
25
22
19
34
26
11
16
23
14
22
22
12
9
21
19
26
13
22
18
15
18
8
22
21
30
27
20
20
26
15
16
19
19
16
10
14
33
26
25
16
23
21
34
17
21
27
14
8
8
9
13
15
26
15
13
20
9
15
19
9
14
15
18
8
13
15
20
29
6
27
68
10
21
6
6
10
59
15
23
17
14
8
17
4
30
15
18
17
4
22
11
22
17
22
11
9
4
20
3
28
6
17
9
7
12
1
11
11
8
9
9
21
8
6
5
4
9
5
18
14
17
2
5
10
4
16
3
9
2
7
5
2
6
3
5
24
9
7
15
19
10
5
18
13
2
5
1
13
6
9
7
5
7
8
1
6
4
7
10
5
8
6
3
4
6
12
9
9
4
6
13
12
4
10
5
3
6
8
2
5
7
2
4
9
4
20
1
32
4
7
5
9
0
7
18
4
2
5
2
10
13
8
12
0
2
7
6
8
5
5
9
5
3
8
4
3
0
3
9
8
0
6
2
1
2
15
8
6
5
0
9
12
5
8
5
6
1
10
12
2
10
1
4
8
24
6
6
5
6
5
2
9
21
3
7
11
6
3
2
12
4
11
8
3
4
6
1
9
5
0
1
7
3
5
5
3
4
3
8
2
7
1
0
4
3
9
2
0
0
3
5
3
1
0
3
3
4
12
0
2
27
0
1
5
2
2
4
4
20
1
8
2
7
5
5
7
5
9
2
3
4
2
0
5
2
3
5
14
0
10
3
14
7
3
1
21
3
8
2
2
9
0
2
3
6
5
3
0
1
1
4
3
8
17
4
5
4
4
3
3
5
3
6
2
6
1
1
6
10
5
3
6
6
11
8
14
7
0
2
7
6
5
9
4
16
2
5
15
4
11
1
3
9
9
6
13
6
7
9
10
15
7
5
2
12
4
7
8
12
11
1
13
5
8
15
2
3
1
9
5
5
15
5
5
24
9
11
7
11
13
12
10
9
1
8
6
9
7
4
16
16
17
11
16
10
30
10
6
9
8
8
4
7
25
5
12
12
30
10
4
10
10
9
11
17
10
23
13
11
7
17
32
5
6
12
7
18
14
11
26
11
20
21
9
25
20
9
9
13
8
17
19
10
9
16
12
19
12
12
16
22
17
21
24
13
24
25
19
31
21
50
17
17
17
26
10
26
31
30
24
44
17
14
16
12
14
13
20
13
12
21
40
31
22
25
27
23
25
15
23
14
14
29
17
33
30
17
23
35
24
12
49
24
14
21
36
21
35
25
23
41
20
44
28
19
22
29
55
24
25
35
17
35
23
23
23
20
29
17
17
14
31
25
18
46
19
28
18
25
41
26
10
33
32
28
35
24
23
30
61
39
29
23
55
36
39
33
51
33
51
23
22
21
42
57
30
28
39
42
35
27
28
54
27
37
31
30
41
23
34
33
73
48
60
17
23
44
34
33
58
34
20
55
35
48
54
42
39
68
61
16
48
30
49
51
28
43
28
72
38
29
33
33
36
42
37
34
41
42
50
43
26
62
32
37
44
51
74
33
55
53
64
31
57
57
50
38
28
73
31
45
19
25
51
31
29
38
38
89
48
43
71
37
34
45
44
48
70
54
37
35
31
42
38
49
45
33
53
65
45
27
47
81
61
40
54
49
30
32
56
48
42
47
47
62
47
45
33
40
53
33
32
74
52
43
57
46
62
30
43
42
29
69
40
49
63
49
36
59
30
69
44
26
62
41
64
59
50
40
33
29
95
67
42
34
37
23
29
40
39
24
33
19
22
20
37
46
31
30
29
42
48
34
46
42
23
26
18
42
35
18
47
37
28
22
26
29
24
34
33
48
25
40
36
29
23
24
33
46
46
26
25
32
35
32
66
107
75
67
65
59
52
70
47
72
52
79
58
52
37
65
67
34
56
44
58
41
34
99
90
44
50
37
54
44
41
44
82
74
61
60
37
45
57
66
49
60
32
51
46
53
30
56
53
33
47
39
61
57
41
57
52
48
59
29
55
41
59
50
48
51
45
48
55
66
47
65
53
55
74
53
48
89
45
48
41
52
34
66
67
62
65
61
35
40
62
54
39
47
29
43
53
55
39
36
45
23
43
57
51
53
51
53
50
39
61
41
16
44
35
68
70
45
29
41
52
30
30
128
39
59
35
50
35
53
52
53
35
51
62
37
48
29
36
35
179
66
54
32
85
39
43
37
44
40
36
49
116
71
56
57
34
41
32
43
47
33
44
72
49
27
48
47
34
55
37
60
52
59
32
48
35
53
49
41
29
43
55
52
50
34
35
46
58
36
61
42
49
41
48
55
42
44
60
61
30
57
74
42
33
54
76
42
43
40
30
44
44
46
40
66
36
84
38
45
29
39
28
49
25
30
23
41
38
38
48
38
39
33
59
94
41
51
64
64
32
39
55
35
48
48
49
53
28
29
60
33
46
52
41
44
33
72
29
28
28
50
36
24
27
44
55
48
47
43
27
58
35
47
37
33
32
44
48
43
42
22
34
44
35
58
35
19
48
25
39
44
37
41
49
30
40
26
29
26
26
40
32
37
41
41
25
45
29
24
27
40
35
24
45
26
41
33
36
27
32
32
43
38
26
34
38
41
53
31
30
21
38
44
41
30
32
35
33
27
28
54
24
25
28
26
48
34
37
22
33
28
33
38
30
48
53
32
47
16
39
31
32
69
37
24
41
26
28
26
40
28
38
63
32
23
37
27
39
36
26
35
35
47
46
25
41
41
38
40
44
33
16
48
41
30
35
33
35
35
21
14
32
43
47
49
38
58
37
35
39
64
18
29
35
62
59
18
22
37
29
39
27
21
29
32
29
41
32
11
71
58
46
27
22
48
48
63
49
32
22
19
31
38
39
50
50
22
30
38
51
54
45
28
25
44
24
32
37
35
30
36
56
37
36
31
16
26
29
43
42
25
50
21
31
38
33
24
44
44
16
42
28
47
32
26
53
38
33
27
34
27
44
35
22
41
32
36
19
24
31
33
33
33
34
27
34
35
33
21
40
39
33
33
45
52
45
23
48
32
24
24
22
22
30
44
21
40
46
33
20
25
29
31
19
54
28
39
30
37
22
35
45
33
32
23
38
28
49
22
33
35
33
33
40
39
27
19
32
22
20
29
29
26
26
32
26
23
48
30
27
24
40
32
21
27
26
20
12
57
30
40
25
25
24
22
25
62
33
15
29
34
43
16
28
21
37
23
19
27
20
50
22
15
32
33
28
24
25
35
20
19
11
16
23
21
17
15
20
20
15
37
43
22
31
31
19
23
20
22
17
20
24
20
27
24
22
24
12
26
24
28
13
10
18
34
25
28
18
45
26
28
33
26
16
17
32
13
9
26
15
15
24
31
21
9
21
9
10
10
24
30
21
8
16
30
18
14
26
33
7
18
24
17
12
20
15
21
12
18
8
10
13
18
14
13
18
17
15
14
11
14
8
21
15
17
18
24
31
28
31
18
11
27
6
11
8
7
2
12
12
22
18
15
16
8
7
18
13
9
9
19
15
17
9
17
12
6
26
15
13
8
17
12
11
11
12
13
16
17
4
5
3
3
12
8
4
15
11
13
3
7
7
5
9
8
2
9
7
21
6
9
17
9
14
15
11
7
30
6
17
6
5
5
5
5
18
9
11
1
6
6
8
6
7
4
8
16
9
8
7
2
4
11
1
4
8
8
5
16
12
8
5
11
9
6
8
16
7
7
4
1
3
5
6
18
4
9
2
8
3
5
10
9
2
4
5
15
8
9
6
2
9
9
4
6
7
2
5
1
16
4
4
12
2
8
6
7
2
5
1
2
10
2
8
9
5
4
7
8
5
3
4
19
5
13
6
15
1
4
10
8
4
3
5
8
5
9
5
10
8
1
12
7
2
7
0
5
5
5
3
6
5
6
7
2
7
2
11
3
1
5
6
9
1
4
16
7
5
6
3
2
6
3
1
7
4
2
1
3
12
8
7
8
9
10
1
9
6
2
0
3
4
3
1
26
3
6
7
8
6
18
2
3
1
4
2
6
10
13
6
5
3
5
2
1
1
8
0
0
5
4
4
0
3
9
4
9
5
6
5
10
7
9
3
1
6
9
8
6
11
13
5
7
1
3
2
5
7
4
7
14
0
0
1
3
3
5
5
20
7
5
2
7
6
6
24
12
9
17
8
2
7
3
3
2
11
15
5
4
9
10
11
7
16
21
19
24
13
12
12
4
5
11
14
11
8
10
10
9
31
11
16
8
7
5
9
6
15
20
27
17
11
6
10
8
5
11
10
8
4
11
15
6
9
14
12
12
12
7
6
12
17
23
8
12
14
16
13
13
18
6
15
15
12
8
34
22
15
19
20
16
14
15
21
7
18
15
21
31
28
6
7
30
23
17
12
31
16
21
30
11
49
12
22
4
16
17
16
11
29
19
42
25
19
16
10
32
11
18
27
38
31
20
12
40
35
31
22
24
24
32
23
48
69
45
9
39
27
27
21
14
22
36
15
32
24
25
33
23
30
29
16
20
33
29
55
24
41
55
38
35
24
46
24
22
31
29
24
37
35
40
54
45
41
43
35
24
23
25
20
30
30
58
58
29
48
40
49
36
31
31
23
40
36
25
24
32
56
66
33
24
34
48
37
32
36
49
28
38
52
54
50
45
46
50
36
38
34
45
30
38
82
36
69
33
57
51
38
35
54
37
21
52
62
81
33
32
63
33
27
28
52
40
28
52
35
64
62
46
52
48
53
33
39
52
52
61
31
41
48
30
72
50
74
51
58
81
59
52
37
39
31
42
77
54
39
138
48
50
54
53
61
56
56
62
48
63
42
54
61
33
51
46
46
37
66
52
34
32
46
61
38
73
60
45
49
28
55
58
44
39
43
54
65
65
80
59
38
34
46
71
59
59
52
60
31
46
37
64
37
45
59
50
95
60
46
49
39
121
41
34
39
52
30
33
77
88
46
41
48
57
74
29
55
46
51
38
51
45
57
47
48
61
58
44
36
53
60
82
46
77
35
57
56
49
50
40
34
51
63
57
52
65
58
63
39
39
62
48
62
51
37
42
59
54
42
60
60
40
53
62
35
43
50
75
49
71
79
35
86
49
55
30
44
55
45
54
54
61
46
54
52
44
21
67
59
72
34
59
31
36
58
49
79
37
63
54
82
63
30
52
87
62
50
62
35
41
45
53
50
57
86
67
43
44
93
52
45
63
57
59
36
40
50
38
42
51
60
93
44
27
44
68
58
88
76
96
81
45
43
18
63
48
45
55
36
60
51
55
40
40
67
43
62
75
70
37
34
46
68
79
61
61
61
34
39
53
34
64
85
43
59
47
55
57
37
25
36
45
34
52
52
47
50
56
67
36
42
40
43
111
46
32
56
42
51
70
45
60
46
28
42
95
37
36
67
71
53
41
51
82
30
50
51
45
49
47
48
39
34
82
46
58
59
47
20
45
34
54
45
40
53
70
55
42
49
36
31
46
49
34
49
32
60
59
33
61
43
36
57
75
50
43
68
33
39
49
45
24
47
47
26
65
42
40
48
45
31
27
40
69
48
59
30
32
57
51
39
38
66
34
49
34
43
29
31
43
28
53
44
29
48
49
56
27
39
78
54
54
37
25
38
41
37
67
37
23
54
45
87
60
56
54
40
31
29
37
42
32
43
51
47
48
26
31
75
43
44
51
50
53
46
47
88
44
30
40
27
68
39
28
46
47
48
49
45
47
47
44
66
44
44
47
55
37
46
48
53
54
43
40
36
42
31
56
41
47
38
41
48
40
27
20
22
37
40
27
43
26
30
62
74
50
34
56
41
41
36
31
37
38
48
47
28
47
24
31
48
23
49
34
54
41
37
39
30
24
51
36
48
29
41
65
33
47
34
33
22
53
42
40
49
31
35
25
23
55
33
34
54
49
42
25
53
52
50
32
66
24
44
37
44
49
34
33
20
55
31
32
39
36
35
36
39
30
44
17
39
51
40
30
34
33
54
46
37
43
46
23
28
48
41
39
33
27
38
22
21
43
33
52
44
34
43
22
40
34
32
55
37
46
27
47
45
46
41
56
35
36
59
53
37
34
35
43
39
47
50
38
26
27
56
21
25
35
45
51
56
50
38
34
45
51
60
31
37
34
43
28
22
22
46
22
23
26
58
43
59
45
25
39
31
45
44
22
41
40
31
23
32
41
26
43
28
62
40
29
43
16
29
44
29
40
51
34
37
27
38
19
41
28
40
38
46
117
30
45
36
31
43
37
39
35
34
30
27
55
66
29
71
27
23
59
27
42
50
58
42
33
31
38
44
19
43
43
39
40
54
33
52
32
49
21
29
21
32
24
23
27
48
33
31
35
58
27
47
33
31
33
25
25
35
29
42
24
31
46
26
46
27
36
97
25
33
38
15
41
23
33
21
42
26
19
41
37
35
44
52
39
20
31
16
16
30
21
17
36
44
39
41
23
26
20
29
37
17
32
17
24
35
25
48
25
22
18
36
39
22
25
31
39
21
23
18
27
31
13
13
31
19
37
23
16
17
19
25
37
73
24
28
16
18
11
21
24
23
30
22
29
24
18
24
21
23
25
19
19
14
11
22
32
24
21
27
22
20
34
18
29
31
17
10
8
11
14
19
26
50
14
22
21
25
28
16
21
12
32
36
15
30
5
19
18
12
11
17
13
22
20
10
16
23
21
10
24
18
5
19
17
13
16
20
13
8
23
19
26
15
8
10
6
17
8
9
27
9
17
16
19
11
11
14
7
11
15
16
7
40
17
15
11
13
22
6
16
18
5
10
8
4
7
64
11
7
9
10
11
10
14
8
8
12
6
18
5
15
15
8
11
10
3
12
9
7
8
14
2
4
35
23
9
13
3
8
7
23
9
11
15
4
9
3
11
14
5
17
10
8
15
4
5
3
8
15
18
7
9
4
14
7
7
10
5
8
8
12
3
8
22
28
18
13
7
4
10
7
4
4
13
6
12
8
3
11
6
9
6
6
11
10
4
7
10
4
2
6
11
7
6
5
5
7
3
7
12
5
8
3
6
9
15
7
6
7
10
18
7
3
6
7
4
26
1
5
22
6
22
5
9
12
5
10
3
4
7
2
19
5
6
10
2
3
4
1
8
6
2
1
12
4
4
7
2
6
2
13
2
1
11
17
13
11
15
4
4
6
4
8
1
9
9
7
9
14
6
12
4
8
4
5
8
3
9
1
4
8
4
1
3
7
5
4
4
8
7
1
6
4
12
20
10
11
9
9
1
10
14
3
9
3
9
3
3
7
21
9
1
5
4
4
8
13
1
21
10
2
2
0
13
6
2
2
6
5
8
5
8
8
17
6
6
2
9
4
9
4
10
9
17
3
9
9
7
5
5
3
4
16
16
5
4
10
11
14
9
4
15
6
8
10
13
10
8
5
8
2
2
15
6
10
7
12
17
6
7
4
0
6
14
21
3
15
11
10
8
11
7
8
7
12
8
8
2
17
16
10
14
9
16
4
9
18
17
5
17
7
10
17
15
7
17
13
6
7
0
14
21
6
7
12
14
14
7
12
8
15
39
8
17
19
20
23
21
7
13
14
12
15
21
20
13
7
13
31
21
23
10
12
9
37
27
22
14
28
18
21
10
15
23
24
25
17
7
36
13
21
17
18
11
33
27
22
31
16
21
32
25
16
16
29
34
27
20
45
28
30
27
17
33
29
21
19
30
29
28
22
33
28
23
31
20
16
53
18
48
19
30
41
49
24
30
41
31
31
22
43
38
37
28
41
35
27
43
31
41
27
33
38
30
26
26
32
33
22
37
19
45
46
31
39
27
40
37
30
41
47
48
26
55
49
73
62
40
42
52
42
40
39
44
47
42
38
75
42
38
30
35
42
44
45
34
34
37
44
30
39
71
70
40
23
48
48
33
33
48
46
47
56
49
42
63
40
59
57
53
59
67
49
30
47
39
52
45
57
50
37
45
91
68
59
48
50
61
49
48
70
40
59
50
63
55
53
41
51
31
85
60
48
53
49
58
62
40
38
70
50
37
79
47
57
41
59
42
73
49
52
50
53
50
42
49
53
57
54
49
38
58
55
51
48
48
39
61
92
54
67
59
52
60
87
70
63
35
67
48
85
47
46
27
67
64
56
70
54
71
60
59
74
67
56
74
41
39
55
49
31
39
38
37
51
36
53
82
51
55
39
63
45
60
73
42
64
62
66
36
39
65
75
52
80
51
42
60
46
47
54
38
72
26
52
41
120
67
31
64
47
49
46
51
46
49
45
78
65
73
53
52
57
65
44
41
71
43
64
46
43
41
47
48
71
44
55
48
67
76
51
64
45
57
47
44
53
44
62
52
93
30
80
48
60
58
30
61
45
56
61
54
52
59
58
43
42
48
36
50
43
60
49
51
50
62
57
62
56
42
49
45
39
63
71
29
41
47
58
48
41
58
58
28
38
70
54
61
75
70
69
39
47
70
50
56
84
20
47
64
55
71
52
92
57
35
51
64
38
67
44
71
40
85
48
35
45
53
50
58
50
46
34
57
41
45
44
45
57
55
52
73
60
83
44
51
51
63
33
49
69
41
22
51
41
52
66
42
49
70
72
83
51
53
69
47
52
46
63
48
41
44
67
42
42
26
57
45
34
42
73
47
55
49
20
46
34
41
48
56
41
43
39
44
48
59
60
59
38
58
49
49
55
36
45
70
63
28
50
54
53
42
32
58
40
51
63
80
61
58
50
39
39
25
45
40
66
27
44
47
53
49
70
44
40
50
35
37
43
60
39
63
85
36
31
33
73
61
42
41
48
72
56
41
39
39
52
31
57
48
43
40
52
47
32
29
55
43
59
45
41
38
62
71
38
36
72
32
57
49
54
52
53
63
47
59
42
39
43
30
39
40
47
55
47
43
49
42
24
49
19
52
45
50
52
64
42
55
32
85
23
27
71
35
38
45
49
43
68
63
58
48
50
67
57
40
50
51
42
49
62
53
74
58
61
30
50
47
56
36
85
38
42
32
51
40
44
53
43
45
30
37
75
37
61
21
37
64
51
41
32
46
51
33
52
49
43
48
45
47
53
48
30
48
44
51
31
43
38
43
27
37
60
44
47
56
31
43
28
49
31
36
39
26
60
21
38
40
44
39
27
55
43
60
38
42
34
84
23
71
38
54
33
28
22
40
13
36
41
33
35
43
46
39
55
14
23
19
40
64
32
36
32
60
39
48
62
28
53
23
46
35
30
29
37
47
42
57
51
42
30
32
50
39
42
32
45
47
21
20
36
12
17
44
26
32
30
27
35
37
32
41
34
43
40
35
39
93
25
25
49
45
24
39
40
33
31
40
29
34
58
43
22
70
54
63
54
40
48
23
26
36
33
42
30
26
30
48
34
25
24
17
44
63
37
67
39
22
49
44
21
22
42
28
39
52
45
27
49
36
35
36
25
44
32
31
22
24
30
23
33
24
37
31
20
19
24
35
19
32
50
28
76
34
41
34
23
40
43
28
25
24
50
32
24
22
39
35
34
36
42
41
38
49
52
31
18
31
29
32
39
36
37
28
35
33
37
32
46
37
28
25
27
51
26
35
35
32
31
17
29
27
23
29
46
49
27
30
19
28
29
35
38
31
31
16
60
36
21
26
31
27
12
42
25
49
33
33
51
30
15
34
18
29
26
22
28
17
43
15
39
24
24
20
23
25
37
28
24
40
18
19
54
41
33
14
38
22
23
24
29
12
27
22
46
19
37
27
10
19
19
31
17
22
15
17
18
15
21
29
22
34
23
20
53
18
39
24
41
25
35
31
29
32
37
35
12
23
24
25
42
31
14
25
15
31
12
47
24
18
23
25
23
31
21
20
27
55
30
19
47
40
27
12
31
15
27
31
13
22
19
19
16
19
19
18
21
6
22
13
19
33
23
7
16
11
48
16
16
20
10
17
9
12
23
12
20
24
23
19
12
34
15
40
18
14
20
7
11
25
16
16
6
16
28
19
8
16
16
10
21
9
12
27
16
15
12
15
15
21
21
48
28
7
14
11
8
9
22
26
8
17
8
11
20
18
17
11
6
6
23
24
10
10
8
12
15
15
36
15
11
16
18
10
7
15
16
26
8
8
7
8
7
13
7
5
7
4
5
12
6
6
7
2
4
6
10
6
17
13
9
10
4
9
10
7
10
11
8
1
4
4
11
6
7
4
12
11
10
11
14
8
3
3
10
12
8
17
7
10
7
15
8
14
23
11
1
12
8
6
7
14
15
22
1
4
9
15
5
4
5
10
11
13
0
19
16
4
1
7
3
1
11
5
1
5
8
2
3
6
1
6
3
3
7
5
11
14
4
5
4
8
6
4
10
4
4
9
13
3
15
4
3
8
3
9
10
2
4
6
7
2
0
5
2
0
2
7
3
20
6
13
3
1
16
8
4
8
18
2
8
8
1
11
7
2
2
28
4
10
1
14
9
1
2
5
5
4
0
7
1
5
5
6
4
4
3
3
3
5
4
4
9
4
7
5
2
3
0
3
6
1
9
2
15
7
13
8
5
1
0
4
3
5
1
0
13
13
4
2
10
7
5
11
7
5
0
8
3
9
7
4
0
9
0
0
5
2
4
2
8
2
1
5
12
7
9
2
5
5
3
7
3
1
1
12
10
6
14
2
5
4
12
2
5
13
7
6
2
2
4
10
6
12
2
2
15
7
3
0
9
6
6
6
10
7
4
5
20
6
6
0
7
8
12
9
2
32
8
6
5
14
0
3
2
9
7
11
11
1
8
7
18
8
5
3
1
1
7
7
15
13
13
5
3
11
7
30
9
4
7
12
18
10
8
9
8
7
14
15
8
20
8
10
15
15
14
21
4
21
10
17
21
17
18
16
22
15
14
11
24
16
28
21
16
17
17
8
19
11
6
20
22
25
12
11
6
17
19
22
21
15
28
14
14
26
15
18
15
22
26
13
14
10
24
22
24
27
36
17
11
26
14
20
35
15
24
16
12
31
16
23
39
16
20
31
14
18
34
29
21
19
27
50
14
15
26
19
27
29
16
33
31
26
53
33
40
21
20
35
44
27
30
24
30
45
12
51
39
28
27
21
35
30
56
39
23
48
38
29
40
29
49
47
54
27
39
45
31
28
28
38
13
30
21
34
41
20
46
39
56
39
35
57
38
34
32
28
36
58
37
48
65
36
65
37
35
35
52
28
31
52
57
66
48
47
47
33
55
21
44
44
39
36
40
54
42
42
42
58
51
43
44
34
43
53
37
31
45
82
39
33
39
51
29
51
51
35
39
76
33
78
47
48
56
51
35
41
43
49
44
32
50
30
74
59
34
54
75
65
44
49
56
27
54
34
60
42
68
73
77
56
46
54
64
48
28
54
34
41
47
36
45
40
35
46
27
53
32
51
47
57
43
59
49
61
41
65
59
69
52
37
47
68
54
45
52
55
56
42
54
42
61
67
94
50
59
69
31
46
43
40
26
50
61
57
52
62
62
59
63
32
52
37
65
69
46
65
48
53
41
48
54
62
38
42
81
63
53
89
36
65
81
46
59
64
50
42
63
59
47
78
32
57
45
36
60
49
44
46
60
56
58
41
58
62
47
45
61
48
84
50
48
55
50
73
46
37
52
45
28
40
44
64
76
46
75
55
56
48
70
47
62
54
51
71
37
55
30
62
45
43
52
27
65
50
57
41
35
59
65
58
45
77
56
55
50
49
44
50
49
68
39
65
44
76
56
37
34
27
54
62
62
73
44
50
34
49
35
27
57
36
57
49
60
45
57
68
69
31
57
66
45
54
43
49
61
41
65
42
39
76
35
47
63
74
77
54
41
33
69
38
61
38
51
50
44
33
41
57
52
54
27
43
53
55
50
44
53
47
32
58
29
58
36
53
43
54
44
39
41
62
61
45
48
36
39
36
44
55
29
44
56
35
40
46
48
37
43
49
47
31
55
58
36
52
45
40
44
48
49
61
104
40
53
49
58
55
38
69
50
46
53
46
70
39
48
43
47
53
35
31
70
76
39
48
42
47
46
43
70
39
36
52
51
35
71
51
48
40
42
69
41
39
49
38
39
38
49
41
53
26
51
56
37
43
56
42
34
40
48
53
67
37
36
30
38
30
40
57
53
69
43
40
57
53
29
39
44
49
49
42
37
35
50
48
47
74
49
75
57
42
32
56
62
77
56
42
38
26
49
60
60
54
34
34
35
53
65
29
41
63
39
25
58
37
37
40
43
33
36
31
35
51
33
26
57
40
48
49
53
35
51
48
46
36
49
53
35
34
40
28
38
33
42
48
25
21
55
42
56
47
19
55
42
33
29
27
42
23
26
36
28
23
30
27
58
44
34
23
39
22
28
50
42
42
49
47
42
41
28
35
27
38
39
34
32
52
35
31
40
25
25
28
30
33
40
37
31
27
44
34
31
23
46
27
30
24
22
25
47
29
30
19
74
27
33
20
38
21
28
40
35
38
76
18
39
34
39
25
40
41
27
34
26
24
44
27
32
40
16
43
17
21
26
33
19
34
33
40
46
29
33
75
52
25
45
26
35
28
44
36
36
48
40
42
32
30
19
40
27
33
27
31
27
35
29
50
32
32
21
28
29
40
31
29
34
38
34
38
32
50
20
29
28
31
26
24
25
43
30
30
28
31
39
36
22
47
30
25
27
19
28
55
38
20
24
43
52
35
18
20
28
42
23
33
26
29
50
49
29
30
59
32
36
24
24
39
33
19
33
35
21
28
21
32
33
43
26
44
28
26
28
36
33
42
30
23
36
18
24
31
23
20
36
34
32
23
35
41
35
34
30
38
34
36
29
24
30
21
19
12
27
30
33
30
26
41
26
32
44
35
23
55
22
25
34
29
42
28
24
24
34
34
23
34
23
40
30
18
48
25
25
32
25
22
18
26
22
18
30
48
23
20
27
24
28
27
16
24
28
25
29
29
41
28
29
30
23
12
26
25
27
22
23
19
34
17
16
38
27
28
23
24
33
19
20
17
22
16
23
25
19
29
36
35
30
22
12
20
22
12
35
25
13
12
26
40
30
20
14
34
27
16
35
27
28
22
10
13
21
27
25
15
15
32
15
34
7
17
31
49
32
22
22
18
24
15
13
19
21
20
12
32
36
30
24
13
27
19
25
22
25
18
10
21
14
8
25
13
12
20
11
16
25
18
16
6
10
27
8
17
12
22
19
26
43
31
16
45
13
10
26
11
10
18
17
11
19
20
15
18
16
27
16
17
12
13
8
9
13
14
9
20
24
14
17
5
20
11
9
12
8
12
18
10
10
6
16
12
6
17
2
16
14
14
14
11
33
9
10
16
6
12
14
14
15
3
5
8
14
9
18
5
4
11
23
10
12
8
9
14
9
15
13
10
5
6
11
8
15
11
2
10
14
7
10
12
5
13
4
13
6
5
15
8
16
13
4
10
9
6
6
7
2
11
12
7
6
7
5
6
8
20
6
7
12
10
12
9
5
9
12
15
21
10
5
10
4
29
5
8
12
9
17
9
18
12
4
1
5
11
6
3
4
4
8
5
2
3
3
6
3
8
4
4
3
3
8
13
6
14
11
4
6
10
7
6
6
8
5
2
7
13
4
5
12
3
3
2
7
2
5
7
2
10
3
3
6
0
1
7
7
2
16
2
3
7
7
4
2
6
5
2
5
0
0
2
6
11
3
5
6
10
5
2
7
10
6
6
8
5
5
4
4
5
2
2
9
0
4
2
13
4
15
11
4
3
4
1
9
0
5
5
5
7
0
0
9
0
7
1
1
2
4
7
13
9
4
3
3
8
3
4
16
2
3
8
1
2
3
2
2
5
2
5
2
6
2
6
1
1
0
2
6
0
1
5
5
1
8
3
1
6
1
1
0
5
3
1
1
8
0
0
2
3
10
10
8
2
3
3
1
3
7
1
3
7
2
3
5
1
10
20
2
2
5
1
7
11
1
0
5
4
1
5
7
7
13
9
6
3
6
6
2
7
8
1
18
3
9
8
4
5
5
6
6
11
5
2
3
14
6
8
5
6
4
6
5
5
8
9
7
8
0
6
8
22
3
8
3
9
14
8
7
7
11
14
9
6
14
13
6
9
5
7
7
12
10
7
8
9
20
19
6
16
13
12
9
12
8
13
3
11
44
15
23
10
10
11
8
8
29
8
13
6
14
10
23
18
8
9
13
28
19
2
17
26
20
20
14
16
26
12
24
10
15
19
18
6
8
22
21
22
14
32
19
19
8
15
18
10
27
24
26
15
20
22
15
13
24
30
24
23
25
34
13
21
29
26
22
14
23
32
28
12
26
35
30
26
18
29
73
35
23
32
29
34
30
27
27
32
41
16
25
18
16
42
22
22
31
22
28
21
33
25
42
14
26
22
23
50
25
35
25
39
27
20
28
45
36
38
18
69
29
28
48
36
32
27
19
37
32
28
34
36
30
34
32
55
45
46
51
34
43
49
54
37
29
51
33
76
48
26
25
31
34
53
45
29
48
29
39
34
43
54
32
66
45
34
31
50
29
39
42
30
38
48
42
38
36
51
65
40
37
48
94
37
47
28
83
53
57
34
60
48
38
44
30
46
60
51
64
47
60
29
76
36
70
81
47
44
73
40
39
51
33
43
42
43
39
35
41
42
30
55
45
46
53
45
65
45
47
47
48
41
40
32
34
48
43
42
49
53
36
41
71
44
40
42
52
41
34
60
41
42
52
51
56
29
42
55
51
37
29
59
38
43
66
37
47
49
40
44
55
49
52
57
43
41
50
42
31
47
45
56
41
27
104
41
44
77
39
47
42
55
44
42
58
69
52
46
51
73
55
60
42
60
40
65
53
26
42
48
48
36
52
55
56
46
50
49
58
51
59
35
45
54
53
46
29
52
35
32
35
52
35
48
34
30
51
49
62
30
33
45
46
38
56
58
64
38
42
38
40
41
38
36
32
51
59
35
45
38
66
54
40
42
60
80
74
79
30
57
32
41
25
42
57
37
34
37
58
49
34
36
53
57
45
39
36
51
42
37
63
33
53
69
45
56
61
43
38
55
47
36
47
50
40
51
48
45
51
26
43
45
57
44
44
23
70
48
75
58
25
41
68
46
46
48
53
49
44
38
60
56
29
65
46
66
39
45
64
38
59
73
72
39
32
41
53
39
40
45
47
51
49
46
48
44
32
55
26
38
50
38
53
46
77
58
56
45
63
39
62
39
63
67
39
77
27
44
21
52
41
43
41
43
45
71
38
34
69
50
49
55
44
22
23
51
41
38
44
32
35
51
77
68
50
62
53
57
35
44
46
44
33
51
37
51
45
38
45
69
55
56
41
41
38
34
38
33
37
71
41
25
43
49
46
38
29
36
46
28
35
61
54
49
34
28
34
36
43
33
57
40
50
54
12
47
38
52
57
51
44
48
68
60
42
55
32
46
53
47
58
46
54
58
49
40
36
42
43
32
75
56
44
33
46
56
77
29
41
34
30
49
36
36
40
38
45
28
38
50
37
36
44
54
64
27
39
40
63
39
34
41
41
33
49
37
55
40
42
40
32
35
32
28
55
34
34
44
37
24
17
86
26
43
30
46
30
44
42
38
31
34
25
39
30
27
35
22
42
42
28
46
37
45
25
46
53
35
55
40
62
33
39
64
26
59
27
43
42
55
44
30
42
39
53
20
37
41
38
32
46
44
47
36
33
45
18
49
29
30
39
37
30
39
36
71
27
36
43
48
20
41
44
55
38
33
31
42
33
49
44
42
34
44
44
40
34
43
35
30
46
42
44
34
46
57
30
60
25
50
35
27
44
45
28
34
33
25
50
34
44
39
39
11
45
27
34
33
41
24
23
43
28
41
37
56
39
30
42
37
28
36
33
38
48
42
35
42
19
30
17
32
31
35
38
40
25
16
22
38
27
45
15
34
24
38
26
58
29
50
27
27
34
39
19
32
43
24
32
52
31
42
37
36
35
60
39
26
39
39
22
58
59
32
39
21
11
36
50
33
23
23
34
21
28
25
50
43
36
35
41
28
31
38
42
28
44
27
20
28
33
27
26
56
40
25
23
32
46
36
35
43
37
34
30
29
25
32
27
47
42
34
34
35
41
38
16
30
24
24
42
49
37
59
37
37
26
29
19
37
38
35
24
27
41
23
24
38
26
33
52
41
34
29
43
35
38
24
23
42
33
52
33
31
29
39
34
47
25
37
26
29
89
26
23
51
38
9
37
29
24
22
38
41
37
29
32
28
25
34
44
26
27
35
24
30
38
28
17
22
20
27
19
15
22
29
25
40
24
13
47
19
22
33
41
22
23
7
38
27
23
29
22
12
23
26
23
40
37
28
20
22
19
9
6
18
19
18
28
18
21
31
30
27
15
18
16
24
48
13
22
29
13
18
21
19
15
18
39
18
11
21
14
12
18
12
29
19
22
30
13
19
24
26
6
6
20
8
21
19
11
10
9
28
19
9
7
28
39
17
19
17
9
14
15
2
16
6
4
12
11
29
13
6
18
18
14
10
11
32
8
14
14
17
11
10
10
4
20
14
4
15
15
10
8
20
20
12
13
7
13
12
7
4
10
10
21
14
14
6
6
10
10
2
30
17
11
19
7
16
12
15
21
4
11
7
23
5
19
6
13
21
0
6
14
7
9
21
13
8
10
2
14
16
8
17
5
17
5
9
13
1
11
10
3
16
8
15
0
3
5
6
4
2
2
3
15
4
4
2
5
6
8
3
8
10
8
18
6
11
7
4
8
13
6
0
5
10
11
12
6
10
3
5
4
7
9
5
8
15
3
6
17
0
3
4
5
1
5
2
7
14
2
1
14
11
0
8
7
3
5
2
8
1
3
1
10
5
13
5
11
5
6
5
9
6
4
0
6
12
2
2
2
1
3
0
3
11
5
4
7
13
1
5
2
11
3
3
3
8
3
10
7
4
3
0
1
5
7
5
3
2
1
9
2
7
1
2
0
2
1
15
4
7
9
10
2
7
6
5
1
15
0
2
6
14
9
11
4
1
4
2
3
5
3
2
0
5
3
22
2
0
6
5
0
6
3
0
7
4
0
7
7
3
2
4
2
4
0
0
0
2
11
5
5
7
17
4
3
12
2
5
4
2
2
3
1
2
3
3
8
5
8
5
2
1
5
2
3
5
1
4
2
11
0
1
2
3
0
11
4
8
10
4
7
6
6
3
11
0
5
1
3
16
4
7
2
3
0
11
8
8
3
3
4
1
4
3
5
5
1
9
4
6
4
6
0
5
28
16
6
3
11
9
3
18
2
3
3
11
4
8
7
12
2
20
8
23
1
9
0
10
11
3
2
8
8
11
18
19
7
13
1
3
12
9
10
10
9
18
18
8
13
7
6
12
11
7
7
12
9
7
11
19
11
10
6
12
20
26
4
11
12
9
11
13
15
16
9
9
13
17
12
4
17
9
41
13
22
16
11
29
11
24
14
21
16
26
6
10
38
29
6
17
20
27
10
12
24
39
34
19
15
38
24
25
22
20
25
21
23
15
23
30
34
24
21
23
24
33
31
17
30
18
24
51
34
26
33
26
25
20
23
37
31
21
33
18
28
24
39
23
25
23
30
26
49
19
16
35
40
27
55
35
20
28
35
49
33
46
22
21
25
37
48
40
17
37
32
24
34
39
48
33
40
28
39
42
43
49
31
39
21
37
37
30
50
25
35
64
43
45
42
34
48
41
37
33
57
52
30
31
24
44
45
48
45
20
27
42
34
26
24
45
48
47
39
38
45
26
47
41
20
47
30
30
44
42
47
40
33
41
31
51
30
37
45
44
68
55
51
37
46
40
47
30
27
29
43
53
63
45
72
58
46
46
36
65
40
42
37
29
94
77
38
37
48
31
59
54
39
45
33
47
76
42
67
59
74
54
47
55
65
48
49
78
73
40
69
42
51
71
50
46
36
48
31
56
53
59
33
42
42
47
60
39
33
37
39
55
26
98
77
52
82
53
68
44
30
51
39
64
39
44
41
55
51
48
53
50
67
48
43
61
44
89
54
37
40
45
36
37
32
82
39
47
49
64
48
46
38
57
49
62
79
52
55
39
43
63
46
31
59
63
47
60
114
64
59
59
57
34
61
63
58
56
37
48
33
51
38
54
34
62
47
41
34
53
27
39
40
41
48
47
60
51
50
35
43
27
55
51
52
35
58
52
52
52
49
74
48
52
67
33
87
44
79
64
58
39
57
61
50
94
20
48
45
48
56
55
76
19
52
55
98
61
73
51
58
48
51
58
46
39
45
58
74
58
45
52
43
44
46
88
48
48
34
56
84
57
55
48
48
63
62
46
51
36
55
56
43
54
59
46
51
71
39
38
42
66
34
31
72
46
33
65
62
76
85
52
31
54
65
46
40
46
61
60
47
75
34
30
63
65
54
59
37
54
65
57
41
59
48
61
75
46
49
53
36
63
62
40
56
47
47
54
49
53
66
54
51
70
48
53
57
61
36
59
49
47
76
59
43
42
64
44
52
39
54
55
93
37
35
74
42
59
54
52
29
42
52
30
35
64
44
28
62
61
55
52
25
65
47
39
51
42
46
53
56
44
39
57
40
61
37
64
57
45
111
52
37
43
59
43
46
56
46
60
63
91
38
41
39
37
65
52
49
48
33
49
62
74
36
49
53
29
34
91
39
22
25
23
61
46
20
43
45
47
42
26
47
44
59
36
42
46
45
46
30
55
31
57
41
61
63
33
38
38
50
75
39
53
78
38
41
42
48
51
30
39
38
35
37
32
45
41
36
54
46
30
45
49
41
37
50
38
26
33
38
29
25
21
33
36
46
25
39
52
37
65
34
39
42
37
40
39
61
39
45
52
22
35
53
34
17
31
42
34
34
52
44
29
37
41
50
49
53
30
44
41
33
31
21
24
38
38
25
53
34
28
21
32
36
44
45
35
59
41
44
50
38
28
39
51
39
58
39
50
25
35
36
44
47
39
24
42
37
48
28
59
109
56
25
21
51
42
38
29
41
50
42
24
31
31
38
21
48
25
29
40
35
48
99
34
61
28
29
39
38
22
24
43
68
26
21
20
32
59
32
64
27
33
31
39
34
34
44
54
42
31
24
24
30
61
31
51
41
43
31
32
36
29
41
32
34
27
26
46
32
39
38
45
27
37
24
45
44
46
42
32
28
32
39
35
34
39
37
27
41
48
33
22
29
27
29
46
34
32
34
38
43
48
54
44
24
40
27
51
56
29
22
34
38
38
31
19
34
25
26
28
26
46
50
96
19
23
32
28
48
44
21
62
33
49
24
40
34
37
46
35
44
43
23
31
25
22
30
24
37
48
43
24
23
43
37
36
17
35
29
31
43
37
30
31
36
43
44
36
15
28
43
43
36
51
34
47
36
39
34
35
40
37
56
44
14
27
44
41
44
40
46
26
25
19
16
26
17
27
46
14
34
26
64
25
38
29
25
30
33
22
50
41
21
14
26
30
28
42
21
34
24
35
8
26
38
15
43
24
16
19
32
18
21
25
17
20
27
23
20
18
17
27
25
31
48
18
24
47
27
20
25
15
20
28
38
58
20
25
39
28
27
30
19
16
21
16
37
13
29
17
26
23
39
19
29
16
22
9
31
31
30
19
16
37
41
16
31
29
28
11
35
16
41
33
18
31
15
19
33
10
21
18
34
18
25
36
30
16
25
25
5
19
10
12
39
11
50
24
28
5
15
21
18
17
33
16
26
19
19
17
21
21
16
12
20
6
26
28
18
10
23
6
8
17
9
18
12
15
16
17
9
14
14
22
12
10
12
19
10
21
10
12
22
22
4
13
19
23
14
20
22
22
14
10
15
3
22
14
15
12
12
12
25
9
10
10
5
5
9
16
6
18
14
16
7
10
5
8
20
8
6
5
3
12
7
11
14
40
6
2
5
5
3
4
16
7
7
12
13
5
2
3
10
11
12
18
13
17
10
2
2
7
13
8
10
8
7
13
8
12
8
11
6
2
11
7
3
9
2
3
3
16
6
3
13
2
4
3
3
8
5
9
11
8
4
12
15
2
4
2
4
8
6
19
11
11
11
9
19
2
2
7
14
4
10
8
10
1
5
5
7
7
35
3
3
10
4
10
16
18
5
3
7
3
2
10
23
2
4
12
10
6
0
2
12
9
7
2
10
4
3
5
11
2
3
6
2
0
1
2
17
24
3
7
6
5
12
7
9
2
1
1
2
3
1
1
31
7
2
1
4
2
3
9
2
6
1
2
1
12
1
4
1
8
2
5
4
4
6
0
3
6
5
8
6
6
4
4
8
12
5
9
2
6
33
6
4
1
3
0
23
6
2
6
23
8
5
4
4
6
7
9
15
5
7
6
5
4
0
5
3
5
1
5
35
8
11
1
5
4
8
27
0
11
3
6
2
8
8
3
1
9
7
8
9
5
15
9
3
3
8
2
5
6
7
7
3
10
5
12
11
6
14
5
12
11
7
8
12
9
5
12
11
21
9
12
6
20
9
12
11
3
9
7
10
11
11
20
7
5
6
3
10
18
10
5
12
23
12
12
4
7
4
28
9
12
7
16
11
6
9
4
11
8
6
4
10
10
12
7
2
9
5
26
31
7
15
8
24
17
5
6
19
19
5
19
5
17
21
10
13
17
24
12
22
28
26
16
19
7
14
17
18
23
17
28
15
11
9
43
21
34
16
20
19
18
24
10
20
10
24
29
18
10
10
24
23
12
31
33
10
15
7
18
15
17
21
26
25
14
25
43
23
35
34
17
27
13
33
14
19
25
21
20
17
19
13
20
28
18
19
63
30
16
41
33
15
22
25
32
28
28
34
34
41
25
39
24
35
17
53
31
48
13
39
19
37
36
19
35
35
38
29
38
33
38
34
41
47
21
45
29
23
43
29
48
57
82
26
40
42
26
55
34
24
60
32
26
51
38
28
35
74
42
54
31
52
37
26
45
22
29
34
35
42
38
63
20
25
79
43
37
47
27
61
49
65
14
41
42
69
55
54
30
50
38
33
50
43
42
24
47
42
50
30
19
44
37
52
53
36
25
29
62
39
37
45
46
29
63
61
40
32
73
40
36
74
22
31
50
34
48
56
30
66
30
65
48
48
53
43
39
36
67
50
51
38
83
48
52
46
52
34
40
51
66
70
34
38
47
31
40
71
54
38
45
50
65
55
41
44
51
40
50
60
32
39
38
38
37
38
46
53
48
54
60
39
70
53
51
55
64
43
56
55
58
43
46
72
75
70
62
52
36
68
54
44
61
59
51
41
44
47
52
67
50
68
62
30
38
42
67
47
64
44
37
48
40
48
44
76
83
40
39
39
37
59
37
66
73
47
31
80
36
62
43
43
49
53
63
52
50
42
41
43
31
47
63
45
60
54
64
80
45
68
50
56
37
55
37
43
61
43
55
53
43
33
50
52
49
44
35
50
44
58
34
30
53
56
51
67
46
49
78
54
46
49
49
51
59
52
36
43
58
42
49
46
43
48
36
61
24
79
30
54
68
37
60
35
49
52
50
46
59
50
49
65
42
42
56
34
48
27
60
31
65
58
46
46
54
72
41
57
61
50
36
56
45
49
36
59
33
58
54
30
46
44
40
61
42
41
68
52
41
49
57
51
51
60
49
30
61
52
74
40
47
42
57
36
80
50
58
37
32
74
45
35
34
48
25
36
56
48
44
36
59
50
41
41
49
41
31
69
68
67
70
30
51
36
48
41
45
98
39
46
55
44
72
40
54
34
36
35
56
41
33
51
30
39
47
59
77
55
47
32
48
30
40
46
34
54
59
51
63
48
41
54
42
38
54
67
35
35
38
43
37
50
45
34
24
23
44
28
61
33
33
43
36
41
47
48
64
51
53
33
70
31
47
49
23
40
56
27
51
27
48
51
45
40
42
43
78
35
41
45
41
21
33
44
41
45
44
40
35
33
87
36
38
37
28
47
45
38
37
37
36
57
41
51
37
32
54
19
29
39
40
42
56
39
40
40
31
31
29
35
28
61
57
68
27
42
21
43
48
26
49
49
39
33
31
47
33
45
61
43
58
40
35
45
23
45
51
22
48
32
32
26
39
44
27
43
36
31
39
29
41
35
43
41
57
39
35
29
34
27
34
29
30
34
45
40
43
25
57
52
34
23
23
38
31
27
51
30
23
17
28
50
60
36
24
20
38
37
35
42
28
41
58
20
34
21
59
33
80
41
31
47
46
11
43
21
52
24
42
46
39
42
35
30
44
39
32
28
11
37
34
41
53
68
28
41
28
38
49
33
27
51
28
43
24
32
49
23
46
55
24
40
23
58
29
35
35
56
30
48
37
40
28
34
38
42
28
52
26
38
36
42
41
26
62
21
33
60
37
40
30
24
29
32
40
45
37
45
41
43
23
16
34
77
31
40
34
36
44
36
50
55
30
61
35
31
37
55
43
55
27
40
41
30
41
33
45
65
59
28
27
45
39
28
64
25
30
26
37
37
34
23
45
29
38
51
16
34
53
20
41
41
21
37
48
30
25
37
39
31
43
62
48
46
37
46
36
39
32
25
54
63
28
41
40
98
22
32
29
68
50
34
33
42
30
32
33
35
35
18
22
36
41
21
37
22
37
31
27
64
33
44
42
59
34
37
39
38
24
61
42
27
39
42
36
36
33
37
27
29
31
27
29
36
35
35
25
43
28
31
41
36
30
23
31
46
30
48
34
22
37
25
24
47
33
45
16
34
26
36
38
35
17
32
29
34
28
32
30
22
30
24
21
41
42
44
22
39
28
18
38
46
45
32
20
29
50
26
21
17
21
25
36
24
43
33
39
15
35
48
33
40
41
31
31
15
20
22
17
16
33
22
21
34
21
17
17
31
16
29
43
25
28
16
19
29
43
27
44
26
25
39
23
13
36
21
21
30
12
54
20
7
27
25
29
40
28
30
21
10
14
19
18
32
15
9
20
17
17
19
26
11
21
23
17
10
23
15
10
19
44
34
13
7
28
7
32
15
19
21
16
14
28
20
16
10
18
17
9
21
40
16
5
18
14
26
22
21
33
24
8
9
14
13
15
13
10
14
23
18
18
16
16
32
11
10
8
13
11
11
9
17
14
12
5
15
13
11
13
11
6
8
3
18
6
21
22
3
20
15
12
11
14
16
11
22
10
18
25
10
11
16
9
16
12
10
2
27
6
14
20
5
14
24
10
10
10
8
20
12
6
14
6
20
17
13
6
8
23
26
4
10
3
14
11
20
11
8
13
11
10
11
8
15
14
5
5
11
2
8
8
1
10
2
10
24
12
22
9
9
13
7
5
10
6
8
7
6
11
3
7
6
4
5
12
9
10
11
10
9
8
4
12
11
6
12
26
5
20
7
22
3
5
7
7
5
8
4
8
6
4
15
3
16
12
2
7
4
3
8
10
4
4
12
8
2
11
11
7
9
13
13
6
21
5
4
14
7
3
5
6
2
21
3
8
1
1
4
6
4
5
5
7
6
5
7
5
6
10
6
15
5
8
5
5
6
8
4
8
8
9
7
4
14
11
4
3
3
3
14
36
11
4
3
5
4
3
2
7
7
3
4
10
7
12
0
13
4
17
16
9
5
9
2
5
7
2
17
7
4
5
11
7
11
19
4
9
4
13
16
18
7
3
11
3
11
4
14
9
8
11
4
6
6
21
29
1
16
7
5
8
13
14
19
8
15
11
4
17
5
18
6
4
16
8
1
6
9
9
13
6
15
10
3
11
11
13
6
7
16
13
9
21
16
15
12
12
31
10
7
7
9
12
20
15
7
8
22
11
20
20
24
15
15
21
16
31
7
12
7
22
13
17
15
18
5
5
13
11
21
36
29
36
17
26
21
2
23
18
17
7
9
16
18
24
15
55
19
24
22
19
23
46
24
20
21
18
9
16
30
32
34
29
11
33
21
13
16
34
24
29
16
30
29
33
25
14
19
29
35
27
28
38
34
42
32
48
16
37
25
42
25
26
32
26
37
26
26
40
45
35
42
42
24
12
37
46
46
25
33
20
29
25
19
31
27
37
29
30
29
37
31
30
36
41
45
40
30
41
34
42
20
33
40
36
47
54
35
58
20
33
41
55
33
29
37
34
34
55
29
42
39
49
43
58
60
80
41
35
39
49
49
53
42
36
62
68
32
48
47
52
47
38
26
31
42
35
32
44
19
43
35
37
29
51
41
57
57
40
47
57
42
63
29
51
52
40
52
34
53
39
59
64
30
59
49
55
44
57
27
34
45
71
29
43
64
36
50
55
52
30
64
66
66
46
47
58
35
67
46
50
59
39
33
84
32
57
86
63
38
62
70
67
65
56
89
77
74
60
34
81
69
52
53
41
58
53
66
54
45
97
29
62
39
45
34
61
66
64
47
58
53
79
56
44
29
61
49
46
53
52
38
58
45
73
22
63
61
63
67
63
75
54
51
68
35
66
62
57
102
59
50
84
61
51
65
76
18
46
74
39
48
58
89
69
34
78
56
56
65
73
54
51
58
38
43
51
45
35
39
62
61
51
90
45
66
58
31
66
49
49
48
61
41
58
67
59
56
33
47
76
40
57
45
62
68
40
35
79
49
42
46
44
37
101
52
48
82
37
33
110
40
50
56
55
69
41
54
52
54
53
78
67
49
75
57
34
65
33
52
48
119
47
55
37
40
58
43
43
48
53
56
42
48
74
49
81
68
50
57
53
48
61
47
59
58
35
44
75
37
63
51
49
68
44
77
44
65
46
87
71
66
68
62
51
39
36
58
77
50
74
36
44
44
58
56
73
76
30
74
62
55
71
42
39
48
58
37
69
78
37
71
83
36
59
32
59
32
62
74
46
34
31
59
82
40
85
102
59
66
69
42
43
48
69
69
52
61
45
35
61
53
41
32
63
41
44
47
53
42
34
45
39
39
68
49
51
51
62
38
55
59
82
44
43
40
48
80
43
45
70
56
39
57
55
46
56
78
52
45
52
37
31
35
55
60
63
73
62
86
62
78
77
47
70
47
43
71
44
70
53
42
48
44
23
49
43
39
57
33
40
65
42
49
52
30
38
35
43
76
38
48
50
62
48
62
40
41
58
66
52
70
41
56
38
50
47
37
42
76
41
62
43
69
31
52
41
60
46
69
42
60
55
56
35
34
48
33
26
62
46
80
47
32
38
39
66
53
39
53
57
56
64
36
30
23
43
48
29
54
55
59
34
39
34
47
44
54
36
56
62
57
28
42
70
57
30
54
61
37
38
29
33
67
30
55
37
52
36
40
100
61
35
40
35
43
61
40
46
44
46
49
53
44
35
69
26
41
40
37
34
30
47
58
34
55
35
42
46
55
39
41
37
46
33
50
23
43
41
55
47
46
36
33
48
33
25
31
45
35
45
26
33
53
53
40
38
26
31
22
36
41
52
58
46
30
49
40
38
52
39
59
45
44
37
40
55
40
44
62
41
48
47
26
28
30
36
34
54
39
38
38
49
48
43
72
27
34
49
38
29
25
41
76
35
33
26
32
58
35
33
33
39
44
46
31
66
46
47
50
42
27
28
35
52
32
27
47
37
49
41
31
57
40
56
50
60
43
52
25
41
48
52
72
40
37
46
37
51
38
56
35
32
40
58
41
37
33
38
40
49
46
54
44
38
47
36
43
43
39
40
47
44
30
43
31
38
54
44
31
34
40
61
51
55
33
30
63
45
48
26
35
36
32
38
52
38
21
28
54
27
50
31
38
78
39
38
28
35
28
54
33
49
36
49
73
24
31
42
40
29
46
43
49
55
27
36
60
45
45
30
50
45
24
58
48
48
64
49
47
38
51
36
46
36
38
62
44
41
47
48
72
48
45
38
42
41
73
57
51
42
43
76
53
42
33
50
32
55
53
47
58
69
49
52
55
42
62
49
71
38
58
56
62
52
30
44
51
53
52
32
44
30
42
30
53
67
24
45
53
24
36
26
40
40
41
49
47
64
86
45
36
43
67
43
43
18
36
28
43
55
33
33
42
28
42
20
20
33
50
33
38
32
41
35
54
43
30
67
32
54
57
60
24
53
39
57
34
39
53
59
43
41
33
60
54
40
32
21
15
50
63
19
25
44
31
36
40
37
48
27
40
52
37
34
46
34
34
29
55
26
27
36
36
35
36
55
66
36
36
31
42
41
24
62
16
34
19
42
39
22
38
23
24
49
25
27
47
27
21
27
22
23
42
60
20
23
19
21
41
37
28
24
27
21
25
21
32
31
34
59
15
26
38
31
28
35
29
20
24
25
23
22
27
29
41
27
25
25
31
16
12
25
29
17
28
9
28
28
24
28
34
31
17
31
36
17
18
20
45
13
26
22
18
16
21
13
14
11
18
31
26
16
28
24
31
12
17
31
33
11
11
13
33
23
16
33
28
39
26
13
18
26
23
13
9
41
28
25
16
18
27
22
19
26
11
22
14
13
8
21
12
15
22
16
12
18
23
18
23
21
16
10
21
18
22
28
20
14
21
22
11
43
27
10
11
9
9
17
10
16
15
28
8
13
14
25
34
3
7
23
15
8
12
9
26
14
23
15
15
11
16
29
6
20
6
18
6
12
11
17
8
9
19
13
10
17
36
15
4
26
2
18
13
5
14
13
18
5
14
10
19
12
15
16
9
12
10
12
12
9
14
12
36
5
32
11
18
20
6
16
6
16
5
9
7
21
18
18
13
43
15
3
18
24
52
19
21
8
12
39
9
3
16
7
17
24
16
14
12
10
5
21
15
23
33
15
28
11
4
24
16
28
4
13
12
9
9
20
7
10
34
15
10
14
14
9
6
11
9
15
12
13
10
4
23
4
13
18
18
29
18
11
11
11
22
6
16
15
5
14
14
7
15
17
11
16
19
16
11
15
10
12
6
7
23
9
8
14
10
29
8
17
10
29
13
15
15
13
4
37
11
33
10
22
17
13
15
12
8
18
5
29
13
29
14
18
19
24
15
12
22
26
15
8
9
19
14
11
18
29
30
10
34
25
15
8
17
23
14
23
28
23
13
15
16
13
29
11
8
20
52
34
21
22
16
30
40
40
13
41
25
21
21
32
18
25
19
17
18
35
22
37
27
15
29
28
19
26
23
34
29
19
31
43
26
28
30
19
27
31
8
39
43
22
45
16
30
37
12
18
31
26
27
28
26
29
42
17
39
28
26
38
40
29
42
33
40
26
28
23
28
38
31
28
19
20
59
72
31
34
41
30
38
40
48
27
20
36
46
39
49
44
27
34
54
52
46
47
36
47
47
80
43
61
37
46
31
50
37
57
74
53
65
31
43
39
53
38
50
51
78
88
27
46
34
39
73
63
53
44
75
43
75
38
47
33
37
70
79
30
70
37
56
49
33
61
47
69
33
41
41
64
36
48
58
33
43
58
59
48
82
60
61
67
59
54
41
49
53
50
70
79
41
49
73
43
60
52
51
92
78
49
69
61
74
47
65
66
61
71
43
41
54
49
43
59
61
39
60
62
51
60
84
63
72
54
82
61
56
56
103
54
75
102
98
45
69
53
70
66
57
88
54
37
45
55
85
51
78
60
72
79
54
67
64
54
48
76
62
76
52
57
96
101
85
82
79
69
84
49
69
64
57
85
46
47
62
87
57
83
75
84
63
52
101
53
58
63
60
83
65
95
51
67
66
52
54
76
76
97
43
93
66
65
43
49
59
62
76
76
78
57
67
82
49
78
67
70
81
62
54
61
71
55
83
72
66
72
64
102
62
64
54
89
73
84
65
69
126
53
93
87
54
74
53
84
94
61
78
105
79
62
69
63
71
43
83
71
60
52
129
66
56
95
68
67
75
85
49
58
54
88
67
96
37
78
63
89
76
61
59
69
63
68
60
47
59
90
54
57
81
72
42
70
65
85
73
60
51
64
57
81
76
53
69
77
68
50
72
60
84
49
63
72
78
43
60
56
103
44
80
82
77
65
74
91
66
80
84
57
73
54
86
84
65
70
52
43
60
36
47
69
68
77
45
60
57
69
78
71
62
73
74
78
61
108
81
66
72
61
81
79
56
74
56
57
48
66
92
57
84
49
68
81
43
53
53
80
66
52
55
96
57
86
56
51
81
58
51
90
77
43
60
64
59
98
84
52
52
45
48
82
73
88
102
49
57
68
49
47
46
51
61
71
51
54
66
89
71
56
39
31
55
65
52
60
68
110
53
57
58
74
61
56
87
72
52
55
77
55
65
69
74
50
58
81
65
59
52
109
45
91
45
88
66
53
60
74
51
57
58
105
48
57
50
61
51
88
67
71
77
78
88
54
71
80
68
79
71
63
57
83
73
43
41
67
67
65
97
61
48
54
40
98
55
86
65
40
54
64
79
46
51
90
82
44
85
56
55
65
61
81
47
77
48
55
52
54
55
73
60
77
84
38
68
41
54
45
75
56
66
48
56
53
50
44
62
68
39
46
48
79
61
60
50
54
59
62
41
39
42
46
44
62
48
54
102
62
91
70
91
37
66
65
49
38
46
65
68
61
50
54
51
44
44
44
46
40
51
61
88
51
54
61
40
70
56
53
62
42
57
51
60
49
63
53
43
41
41
50
41
51
67
39
70
68
60
39
40
49
57
62
40
46
47
57
63
54
85
48
50
63
65
37
33
48
56
57
57
51
48
57
35
43
40
37
49
39
60
46
46
82
48
53
43
75
67
46
48
47
39
43
55
66
66
44
32
43
40
52
42
155
44
83
50
78
55
46
37
73
50
49
44
43
55
67
60
54
74
41
37
39
40
37
54
29
44
49
52
39
35
37
41
49
21
73
43
53
59
60
86
55
40
45
60
40
33
48
39
65
50
43
47
46
34
33
37
39
36
47
37
51
36
58
61
44
63
76
66
45
73
53
55
62
61
46
44
48
36
31
49
56
33
58
44
41
43
51
47
74
60
52
62
45
66
37
55
38
69
45
54
44
28
55
52
55
71
50
56
61
48
66
41
51
68
46
68
53
42
48
79
57
58
58
47
59
31
39
59
81
57
33
64
68
57
55
60
74
65
41
74
64
44
59
46
38
59
69
104
54
41
58
46
60
45
64
59
66
48
44
62
72
61
52
50
53
57
57
57
60
52
65
65
77
51
47
55
73
56
51
81
64
60
62
57
45
61
43
72
71
53
61
59
51
67
64
45
79
61
59
48
62
97
71
76
40
64
54
76
58
80
39
95
60
51
52
114
55
78
76
61
66
71
73
50
69
54
52
97
29
51
62
51
45
71
50
83
46
94
52
75
52
45
45
65
58
36
60
50
48
55
60
59
68
34
54
84
45
35
77
60
27
51
48
40
48
38
42
61
51
31
38
55
18
42
30
51
57
36
45
26
57
55
61
33
25
51
42
53
47
35
50
39
51
28
42
68
40
45
49
42
58
41
48
43
39
26
70
54
50
36
31
49
20
29
64
42
45
43
40
49
25
21
32
37
28
29
50
31
40
41
27
28
34
37
30
30
50
28
58
24
32
46
22
30
33
39
14
41
22
21
35
27
17
32
30
33
37
22
35
28
19
15
9
32
18
24
33
26
51
40
34
31
36
31
28
33
34
40
32
13
34
21
43
18
23
15
40
30
11
24
28
27
19
10
23
26
16
25
27
52
25
27
13
24
25
31
22
25
23
19
25
21
31
12
12
20
47
20
21
13
37
19
12
14
18
14
35
16
28
15
23
19
16
12
14
12
6
18
15
20
7
20
14
31
14
15
8
3
14
23
10
27
18
18
9
15
13
18
15
9
6
8
21
17
24
16
23
25
21
11
16
20
16
3
11
16
8
19
21
10
13
12
9
20
18
4
10
21
12
7
2
19
6
9
23
10
27
9
17
21
15
11
7
19
11
6
21
58
11
8
3
11
10
14
12
15
10
17
12
11
6
5
10
16
7
17
13
15
14
3
10
10
4
3
25
9
13
6
0
10
27
7
16
9
11
15
5
3
6
4
9
15
6
1
6
1
12
15
7
10
7
4
13
5
2
12
5
11
11
11
7
15
3
5
11
7
16
5
14
19
11
13
9
8
7
21
8
10
7
6
11
14
4
4
3
4
6
5
9
13
6
27
11
13
19
7
4
8
15
8
16
3
5
9
2
13
9
14
4
11
25
16
4
19
7
9
14
9
3
13
4
6
16
15
9
7
6
10
24
9
9
18
11
13
11
10
12
16
8
19
20
5
13
8
14
10
14
11
21
7
8
11
11
12
7
18
11
25
2
34
11
7
6
8
10
14
16
7
11
18
9
26
12
33
13
10
30
6
20
21
25
19
32
16
16
13
9
16
15
28
11
11
26
10
30
10
15
22
11
11
9
10
15
44
30
19
17
20
33
10
17
16
15
18
9
13
21
29
24
10
27
17
21
24
13
36
16
32
16
29
16
48
26
24
30
31
39
17
19
22
33
27
17
38
28
14
27
39
24
52
28
27
32
29
19
30
28
29
25
44
31
27
22
27
35
11
15
28
22
26
20
59
31
33
36
45
29
37
29
46
43
22
30
43
28
42
42
52
38
48
30
22
40
38
30
25
67
26
49
60
30
46
45
83
28
53
65
41
35
41
52
42
49
29
44
44
89
21
45
48
56
56
73
55
46
53
50
62
42
41
55
76
55
43
66
49
46
80
70
38
40
52
41
59
51
62
41
68
63
49
52
60
42
100
46
44
58
55
42
58
63
48
60
60
67
41
39
59
83
53
67
72
78
31
65
65
72
64
69
61
69
110
57
95
95
45
78
101
45
68
90
37
64
65
80
87
57
64
66
82
75
64
58
57
50
89
58
80
58
83
83
86
54
63
53
64
77
79
66
59
59
158
67
63
78
71
85
58
38
77
61
60
76
95
64
54
58
55
88
50
72
67
49
62
61
76
49
74
46
82
70
52
85
81
51
89
69
57
84
97
68
59
56
91
67
82
57
63
69
98
100
74
58
49
59
70
84
69
64
58
51
110
91
82
73
72
81
63
71
84
70
57
64
79
77
47
106
97
87
72
89
55
63
66
75
64
78
65
57
75
74
84
54
71
69
67
51
77
61
57
109
69
80
79
52
68
96
66
81
63
76
41
110
76
105
84
90
70
59
72
52
95
80
47
60
64
70
77
98
62
58
81
66
81
67
76
45
64
105
99
67
53
88
72
76
85
80
109
58
76
62
49
85
68
97
113
71
57
41
43
55
83
46
54
86
59
68
72
76
36
59
50
68
79
57
76
36
60
35
70
81
57
45
80
66
49
86
79
45
57
48
46
66
79
78
80
43
58
77
72
70
129
41
49
87
71
55
83
83
34
48
113
56
76
84
61
65
36
51
46
110
72
53
75
88
60
54
89
74
53
59
106
104
50
58
74
99
76
78
89
62
64
56
68
92
40
57
69
55
86
43
44
63
76
68
57
59
55
102
82
53
58
59
57
68
73
93
54
70
72
68
63
73
81
97
63
85
68
68
41
43
71
57
40
62
106
58
52
44
54
67
55
70
37
62
47
71
59
98
84
66
69
54
61
55
59
64
61
73
89
73
43
48
63
101
42
64
67
79
43
46
75
58
55
58
63
57
59
83
54
37
58
55
46
26
51
58
85
84
58
93
62
82
75
81
73
117
60
44
36
46
65
59
42
47
80
49
61
49
70
61
74
46
55
58
64
72
64
77
99
48
69
55
74
81
37
68
48
53
79
29
49
64
82
76
63
44
76
56
62
52
46
59
50
74
61
74
37
52
57
58
56
36
44
72
36
42
31
63
69
74
61
64
54
56
43
48
33
65
62
54
36
41
35
51
63
45
51
48
46
57
64
46
66
46
99
49
70
45
66
37
46
84
45
60
67
35
46
58
48
44
42
52
63
45
46
55
40
44
53
58
29
76
51
52
27
43
32
33
43
51
45
42
43
27
44
48
73
71
36
61
27
35
17
56
43
50
48
33
52
41
38
34
71
28
56
36
51
41
55
33
34
31
46
39
38
51
43
48
44
57
47
38
49
36
65
49
33
60
61
40
40
46
30
57
52
45
68
46
65
45
54
34
37
30
61
39
35
37
51
45
41
28
36
37
55
37
58
38
22
35
60
35
60
45
39
48
53
43
36
32
43
53
57
59
60
57
44
45
58
36
63
41
46
48
60
34
40
48
57
52
60
69
37
36
60
55
27
54
46
55
56
55
63
51
62
60
49
41
49
57
37
40
48
57
41
53
40
35
65
46
48
50
54
71
48
46
75
57
69
39
53
47
43
54
57
55
45
41
84
52
60
57
64
45
48
59
38
54
46
50
46
37
49
44
52
41
63
62
40
41
56
48
46
53
44
69
45
46
47
48
48
38
40
42
39
80
65
52
43
47
72
40
40
74
46
50
51
47
52
47
38
41
64
46
46
45
58
41
66
33
45
45
38
39
42
48
31
28
35
53
42
44
57
53
77
53
36
51
53
45
44
56
59
36
58
36
31
54
34
72
59
36
21
43
49
62
60
60
50
58
42
85
61
49
34
33
59
44
44
50
50
46
40
44
42
45
54
25
38
38
47
35
57
53
62
44
22
52
25
36
29
38
39
53
46
30
51
56
40
37
33
37
25
36
45
44
29
38
37
30
54
34
33
29
29
26
54
41
41
32
46
56
41
25
44
22
48
34
26
25
45
29
52
67
26
28
31
27
36
36
42
38
29
35
38
47
32
26
31
41
29
28
36
41
38
31
15
49
39
33
44
21
24
33
36
15
26
27
33
24
48
37
25
43
28
34
35
27
37
45
31
26
46
39
16
48
46
25
26
28
17
7
38
34
17
52
18
35
31
42
18
37
36
24
8
28
18
18
23
37
38
24
29
14
9
41
25
27
31
18
19
20
9
28
20
26
17
40
15
8
24
19
11
23
13
23
20
11
24
11
21
23
22
18
28
16
22
37
29
21
27
44
15
26
16
23
38
24
21
12
36
19
30
18
10
21
32
17
10
13
16
15
16
31
19
11
19
17
9
19
26
23
15
17
12
18
18
10
7
5
8
7
10
10
12
12
22
31
7
8
12
8
14
14
12
16
14
16
10
17
17
10
6
9
11
39
15
10
7
35
8
3
6
24
9
18
10
7
10
10
5
12
8
9
11
11
14
11
15
5
2
16
12
16
15
12
6
7
8
9
17
4
21
15
10
6
9
6
9
14
7
20
26
9
4
13
6
7
5
31
3
8
16
3
11
7
7
18
4
1
30
7
8
4
14
4
9
13
6
9
12
9
27
14
10
9
16
15
6
11
14
7
5
10
9
7
12
13
10
1
6
3
27
10
0
7
4
8
22
15
7
3
18
9
11
8
12
6
3
8
2
5
5
11
41
6
2
25
24
5
14
11
11
6
2
3
6
13
1
4
2
5
4
3
4
2
7
2
5
4
4
11
5
3
16
8
13
6
4
3
2
3
3
10
6
13
3
4
8
8
4
5
1
4
7
7
6
7
14
9
14
4
7
12
12
4
9
11
12
4
5
30
20
5
10
4
5
2
5
3
7
6
29
14
4
15
4
10
2
8
10
5
7
4
7
4
10
10
16
4
7
2
27
11
25
4
7
23
5
9
19
12
14
11
5
11
5
11
4
11
11
6
21
20
23
7
14
11
20
20
23
11
26
13
21
14
6
13
6
18
18
13
8
11
16
11
12
15
12
24
12
19
33
17
17
24
29
14
29
24
23
24
27
10
10
26
16
23
28
15
16
13
27
23
20
24
21
25
27
51
24
25
24
13
41
18
29
35
51
20
20
50
19
25
19
12
37
34
30
26
21
31
31
24
32
23
22
25
22
45
29
27
29
40
55
58
32
26
48
24
33
29
25
44
42
50
40
16
31
45
26
24
56
21
59
58
38
41
34
41
80
49
38
39
73
32
53
51
45
30
42
39
34
71
45
44
55
33
36
56
52
41
35
55
41
42
48
73
38
68
39
50
49
54
66
65
50
73
48
50
39
53
47
55
90
35
39
59
51
55
63
52
51
40
61
66
74
35
30
43
50
48
45
80
55
48
37
61
58
76
79
69
107
50
61
59
49
55
52
51
73
56
61
66
61
63
67
58
49
78
65
67
67
77
49
38
46
79
76
72
44
43
51
75
56
62
68
66
45
48
71
72
53
68
66
71
58
59
63
60
57
76
32
75
63
66
44
66
52
40
95
77
56
69
37
69
84
43
57
65
69
76
66
45
54
86
74
72
85
43
79
70
54
54
63
50
70
42
60
66
64
50
51
69
78
55
56
69
83
53
76
66
49
49
51
67
63
50
65
70
51
57
55
63
80
91
47
55
51
93
110
71
68
83
54
68
55
73
63
74
61
45
68
69
60
42
68
86
74
51
83
49
65
77
70
45
49
57
52
60
95
79
58
55
73
72
43
76
59
38
69
55
89
59
35
47
84
65
57
70
50
48
50
58
59
73
69
57
87
71
78
88
55
79
62
39
56
61
56
84
75
60
58
53
63
68
59
95
83
61
64
75
54
44
75
67
63
66
70
76
98
77
60
78
70
77
77
82
63
54
58
42
55
60
48
45
61
63
79
50
54
74
65
72
85
60
95
63
61
45
67
60
47
64
85
48
92
65
82
76
57
55
57
60
78
57
59
86
65
51
78
66
79
68
47
88
66
66
54
72
44
56
67
42
68
53
47
62
75
77
64
56
44
67
63
91
68
73
54
92
73
69
69
73
71
63
64
87
70
56
65
68
54
61
67
40
64
85
73
52
41
67
67
55
61
71
79
72
55
63
48
50
73
57
41
64
66
65
67
51
60
46
51
62
72
54
61
53
43
59
55
51
54
36
57
40
49
45
72
48
49
70
55
73
57
70
54
34
61
64
103
64
45
88
62
78
74
75
52
48
54
38
59
53
107
47
46
41
50
62
55
57
52
69
67
52
57
52
56
44
60
51
34
52
55
55
73
54
62
48
56
72
71
52
53
53
50
55
47
53
69
79
64
50
64
41
56
41
68
41
65
50
32
55
51
45
58
75
36
40
29
49
52
97
55
53
58
57
56
39
29
67
57
40
62
49
70
41
31
45
45
44
57
46
65
52
61
38
53
44
32
42
57
45
58
71
77
33
48
49
57
38
52
64
45
68
50
51
48
44
49
41
52
46
71
41
44
41
51
33
50
39
63
50
50
65
37
52
35
29
39
55
39
34
38
42
29
52
43
49
49
30
57
31
56
36
40
52
60
45
63
19
30
51
38
49
29
38
48
34
95
49
44
45
66
49
38
45
39
42
33
36
26
34
49
50
46
57
46
33
52
28
34
56
58
50
33
45
36
58
39
39
48
39
47
43
33
33
31
51
33
29
19
57
40
46
45
53
33
44
63
25
35
37
45
53
61
74
42
58
35
57
66
44
50
32
53
48
44
41
40
34
46
43
44
33
57
20
43
70
36
28
28
32
40
48
40
57
40
46
41
47
43
50
27
57
43
56
39
48
58
34
48
74
38
37
36
46
34
37
60
49
43
48
51
41
25
38
32
36
60
29
43
43
52
61
59
39
40
37
29
54
37
48
38
42
50
47
34
33
65
62
40
42
41
50
27
33
23
31
47
50
36
43
27
46
25
38
46
77
47
32
38
59
31
28
39
43
75
39
26
27
34
52
39
53
51
28
32
51
26
50
43
34
42
47
44
33
37
47
29
40
34
30
45
31
32
37
28
44
39
44
43
30
61
28
57
39
31
24
37
32
36
44
37
45
49
28
26
48
28
25
47
46
43
30
32
28
31
71
54
46
29
51
59
37
35
33
23
44
51
56
31
53
69
52
58
40
43
53
33
32
17
32
31
45
50
36
32
30
22
25
33
38
33
31
31
17
18
26
30
32
19
30
33
27
16
30
28
31
57
16
55
23
31
25
29
34
29
20
47
25
23
19
38
33
43
48
22
21
25
40
25
21
26
40
30
31
43
20
24
43
25
27
27
30
27
35
23
23
30
58
20
21
18
21
16
17
43
21
25
26
19
46
17
32
27
19
27
39
25
34
30
17
18
31
21
30
16
19
14
20
16
33
16
37
25
15
15
36
19
28
19
39
10
13
19
15
22
15
33
11
8
15
26
15
12
17
36
17
29
28
26
19
17
17
23
8
54
23
21
13
11
10
20
34
20
19
12
18
15
16
25
12
33
17
17
19
8
14
26
19
7
4
9
13
17
17
20
9
11
23
6
12
16
9
9
11
7
14
17
15
8
7
23
14
15
15
9
9
6
7
73
20
11
44
11
13
10
17
20
14
14
15
3
14
22
13
10
12
8
9
4
8
10
22
8
4
5
13
13
11
18
2
3
7
14
6
14
9
18
7
13
7
10
7
23
13
9
3
6
11
3
13
6
9
9
13
8
5
7
10
6
2
4
14
10
4
9
7
9
6
4
8
7
22
5
12
18
11
7
5
7
7
8
11
10
8
28
10
14
5
5
8
7
9
33
12
3
15
4
3
6
7
0
6
0
6
3
10
8
5
2
3
4
6
29
5
0
5
5
5
3
2
23
7
13
24
4
13
0
3
11
19
6
12
4
2
6
5
3
3
0
15
3
2
5
3
0
2
10
4
8
16
3
5
4
4
12
2
5
4
8
1
2
3
9
18
2
4
3
0
2
5
4
6
17
8
16
2
12
15
10
11
9
3
9
4
0
3
4
5
3
4
8
5
5
5
4
5
2
2
4
0
15
3
6
4
1
9
10
3
4
7
6
2
1
7
3
4
2
4
1
3
17
4
3
1
4
3
3
8
6
12
4
7
7
6
1
7
3
8
10
2
4
3
7
4
3
24
6
2
11
11
9
11
6
3
6
1
3
0
8
6
6
5
0
10
19
4
18
13
8
7
10
9
8
10
4
7
7
10
5
28
5
4
8
4
1
13
4
9
2
10
21
5
5
8
20
12
6
9
9
9
16
11
4
13
12
16
11
10
10
12
9
8
12
7
8
8
12
10
15
9
11
19
23
18
11
10
12
18
11
12
28
21
18
11
14
18
19
26
25
11
9
18
14
18
14
20
14
18
26
13
8
17
20
13
31
16
19
22
39
7
35
8
17
17
19
20
48
27
12
21
43
21
23
17
39
18
33
42
15
30
43
13
41
40
11
33
47
26
48
27
16
57
27
36
22
25
30
31
16
16
20
39
23
25
32
20
26
52
27
26
40
31
39
51
37
34
44
22
29
42
20
44
25
21
43
65
30
40
23
58
36
31
27
44
39
52
49
31
30
30
42
28
31
38
37
75
42
38
48
48
20
38
57
55
55
49
39
59
29
44
45
25
40
44
43
37
39
40
52
66
50
52
49
43
33
29
65
20
66
41
39
51
73
42
35
67
53
54
54
42
41
29
52
59
52
44
55
77
55
61
52
46
38
43
34
44
48
45
55
32
42
56
36
67
31
45
27
62
69
94
48
41
59
71
55
61
55
53
45
69
54
44
37
44
75
73
40
79
93
67
52
55
54
34
58
48
52
61
51
60
69
45
30
34
37
50
42
94
50
46
57
55
62
45
107
51
84
48
44
56
43
57
56
47
68
36
60
51
53
54
48
67
61
53
60
46
61
70
64
43
45
49
53
75
38
61
55
29
52
53
77
46
61
64
62
40
68
60
61
58
82
49
94
45
61
35
75
55
60
53
86
81
40
47
64
50
63
78
75
46
43
60
115
57
39
68
62
45
92
61
50
61
64
51
71
64
55
95
48
58
60
62
54
77
42
60
70
29
47
62
63
49
62
57
51
53
49
55
59
62
54
84
87
73
66
55
61
76
64
71
40
61
35
68
63
57
70
64
56
71
43
62
58
72
51
67
50
103
72
62
84
82
57
36
43
62
69
60
50
77
32
45
49
24
59
66
63
84
40
59
48
31
54
52
67
55
75
61
61
52
38
51
77
67
50
47
55
72
77
52
57
64
62
79
51
49
52
41
48
69
54
80
51
55
42
55
49
57
68
58
68
65
60
53
51
64
60
80
74
53
81
41
81
85
100
34
90
71
50
52
56
71
54
60
50
74
35
40
70
53
55
80
61
64
66
66
63
44
49
46
38
61
64
67
45
46
56
51
47
36
49
58
63
68
48
92
70
56
50
73
66
60
49
37
63
58
79
41
57
72
50
59
59
60
62
55
71
52
46
70
48
59
73
46
38
55
40
56
55
48
53
53
55
39
65
57
72
41
63
54
47
37
57
55
61
52
64
85
56
57
57
46
64
46
44
63
57
53
36
92
40
66
61
56
81
66
51
50
49
66
58
55
61
45
48
63
33
38
34
49
52
81
37
44
56
35
57
57
58
60
61
42
36
60
42
60
53
60
53
58
48
40
50
78
60
80
29
19
51
63
39
34
48
65
49
54
62
51
47
41
35
41
39
66
35
42
44
51
41
38
59
49
58
56
59
49
44
42
47
88
30
53
36
51
66
53
54
61
66
35
41
46
53
55
66
51
46
67
60
46
43
50
45
72
34
37
43
54
36
36
30
47
38
38
64
37
42
41
50
44
38
44
34
30
35
36
39
51
49
35
40
34
36
44
51
38
30
39
37
48
54
63
50
51
54
55
43
52
63
58
36
42
33
51
39
45
49
49
41
37
40
37
47
36
41
35
49
45
51
44
69
55
48
32
55
78
48
24
48
29
52
40
37
48
46
38
47
59
28
36
51
32
28
47
57
41
55
54
52
59
32
49
63
58
25
54
35
53
46
43
41
45
42
79
53
52
55
61
51
51
59
78
42
37
53
39
55
43
51
66
60
51
50
37
56
46
53
33
38
37
93
46
35
65
38
61
52
57
51
65
49
37
41
47
43
58
73
64
39
56
73
63
61
48
59
46
47
41
53
40
65
35
41
50
61
49
48
35
56
41
67
47
29
52
48
37
71
45
42
54
48
49
82
34
32
41
57
48
37
45
80
59
26
71
47
49
64
29
44
21
39
59
48
52
50
33
42
57
48
36
37
52
35
36
58
48
44
49
56
52
41
53
38
36
68
43
25
38
57
52
48
37
41
49
38
41
45
34
42
49
78
37
56
45
43
37
56
50
76
40
40
30
29
36
39
56
38
39
22
46
38
33
35
40
26
32
26
22
41
53
25
26
45
44
33
31
40
19
39
18
15
42
46
30
25
17
30
27
52
19
40
37
25
48
41
32
54
19
48
33
29
23
35
27
25
39
33
24
30
28
32
19
31
33
46
31
20
23
30
27
31
20
33
27
32
30
29
25
22
22
25
29
20
22
45
18
14
39
20
19
36
23
10
23
14
16
25
42
19
20
25
15
19
15
22
25
21
8
32
16
20
19
26
21
26
22
14
19
34
13
29
24
22
25
31
21
25
17
27
27
33
17
21
30
13
13
20
15
27
18
4
18
10
14
35
15
13
12
18
18
6
13
14
13
17
31
13
9
15
18
12
9
25
24
9
7
11
13
8
13
18
7
31
15
7
10
21
12
16
26
5
11
18
27
9
11
12
4
12
15
14
13
20
4
3
26
20
17
11
6
7
10
7
8
12
19
8
10
7
17
20
5
17
6
10
9
36
27
10
4
3
8
17
10
7
9
7
21
16
16
5
6
10
5
5
7
10
10
15
10
13
14
10
15
8
8
7
7
14
12
6
9
0
19
6
5
8
4
21
18
2
11
5
31
10
5
12
8
6
18
11
7
7
7
4
6
6
6
2
8
8
11
5
3
14
6
17
13
19
6
6
8
11
2
3
5
5
5
5
15
11
6
2
15
4
6
2
4
4
7
2
5
13
4
6
4
27
1
3
10
7
8
1
3
3
6
1
19
10
1
6
7
5
11
13
1
6
7
3
6
4
4
16
6
11
6
3
13
5
2
10
11
2
2
3
1
3
2
5
10
4
4
7
3
4
5
7
2
6
6
0
7
5
2
3
3
5
0
0
10
5
4
4
4
11
23
3
11
2
15
3
4
24
9
8
2
5
12
0
6
6
1
3
3
14
5
14
3
5
3
2
8
4
5
6
9
5
4
7
3
1
6
0
5
5
1
4
5
3
1
0
7
8
10
3
8
1
11
9
15
9
7
11
13
9
5
12
5
5
8
12
10
3
4
4
7
4
6
23
6
11
4
16
12
7
10
6
15
21
3
11
7
13
3
21
9
13
30
6
3
6
28
22
26
11
12
12
11
11
6
8
18
9
12
1
17
10
34
5
21
10
11
5
7
9
16
22
9
20
17
17
9
7
18
33
3
24
13
18
6
14
14
27
10
21
12
18
22
23
21
9
16
20
33
13
31
20
16
14
19
18
11
20
9
9
11
32
16
32
25
14
18
14
32
26
21
22
18
32
12
28
16
17
24
27
18
23
14
23
35
36
20
37
30
35
30
35
28
33
28
23
23
41
27
28
33
30
33
25
25
54
55
32
28
25
33
25
23
32
30
27
25
39
31
22
53
50
37
24
23
73
49
25
47
39
36
48
39
45
42
30
34
32
50
52
34
58
38
36
28
32
28
31
38
53
52
32
39
39
45
33
30
40
31
39
46
39
30
56
61
29
38
43
31
31
42
50
58
59
41
32
62
48
42
37
49
46
33
75
55
53
49
65
39
53
37
40
48
63
38
75
45
76
50
35
50
55
59
54
61
57
30
51
54
53
51
51
63
32
81
64
57
48
53
48
55
33
55
57
48
62
44
55
42
54
110
66
72
34
62
65
38
67
44
42
45
50
64
57
36
35
61
67
77
65
88
64
45
51
34
43
44
58
64
64
71
69
72
36
68
85
60
61
41
71
52
37
52
93
60
47
54
80
65
44
45
59
51
60
64
46
48
80
40
38
55
84
70
69
54
78
108
41
104
68
48
69
68
69
63
44
56
68
50
46
48
57
70
72
58
51
134
46
51
57
74
67
77
45
51
47
80
60
65
64
52
47
47
90
58
39
42
62
68
67
64
51
55
43
47
60
50
84
39
46
66
59
44
57
57
39
71
81
31
53
119
55
52
59
64
76
51
42
43
53
64
58
48
44
63
64
76
45
73
66
57
66
62
45
75
91
90
47
59
45
103
89
43
60
46
41
68
69
56
88
61
51
66
73
42
77
75
54
69
57
56
64
56
49
61
53
69
94
61
62
38
70
37
43
81
63
45
51
62
64
46
84
50
68
40
47
52
47
47
63
70
65
58
73
68
71
47
50
85
47
50
79
58
55
85
43
51
71
61
58
65
56
61
47
63
62
49
38
59
56
55
56
68
57
60
54
45
53
51
86
64
54
47
35
64
79
75
57
53
67
91
43
62
46
42
61
49
58
71
64
50
46
44
65
41
59
73
45
43
28
56
45
60
95
52
76
50
54
67
69
83
44
66
67
37
49
43
49
69
69
66
53
44
62
80
47
66
50
62
67
57
56
65
65
45
70
52
56
31
65
32
42
43
70
43
53
56
51
28
56
64
51
40
35
41
38
49
51
54
80
95
27
78
77
53
69
63
53
39
52
49
52
52
43
46
95
44
64
52
73
49
35
58
35
49
56
93
40
45
40
40
71
55
51
43
59
47
21
37
59
25
63
56
82
43
57
58
59
58
38
63
51
42
45
51
58
60
28
54
40
57
61
53
63
51
51
49
41
65
67
36
35
51
47
67
53
43
39
68
43
41
92
45
58
44
41
38
41
47
32
39
25
48
31
36
36
94
35
52
35
51
42
40
41
46
43
39
47
57
47
37
47
36
29
36
50
47
55
51
29
50
43
32
38
52
49
32
39
46
70
26
44
33
40
51
59
50
56
42
48
48
49
48
49
43
33
42
47
51
45
33
61
38
31
32
35
39
30
43
30
29
35
31
46
62
35
49
32
46
45
46
51
46
38
81
64
40
47
55
48
39
56
53
49
40
51
49
46
60
50
40
31
41
33
44
33
35
52
47
26
80
46
61
50
44
45
53
41
46
43
48
52
43
58
51
50
67
45
37
73
54
37
60
60
40
51
52
20
53
37
44
22
28
48
39
56
45
43
49
49
42
55
47
47
43
60
34
47
56
64
57
60
44
42
50
45
48
43
52
41
48
63
40
51
39
61
52
46
45
62
37
44
63
32
42
65
33
58
73
49
56
91
83
52
45
39
37
68
33
51
39
35
56
81
67
41
44
29
71
48
46
39
42
76
42
53
56
67
33
55
44
43
58
41
61
36
76
85
34
54
60
62
19
40
55
39
49
74
38
28
40
44
31
49
77
42
61
44
46
23
45
58
39
55
39
57
31
34
50
27
44
59
51
34
47
53
59
59
35
38
25
36
47
46
65
50
41
49
57
68
60
44
30
75
43
32
51
31
50
30
50
65
31
64
45
34
23
58
60
74
31
66
24
41
29
42
21
45
69
22
32
18
34
57
40
30
35
62
45
46
60
22
43
26
32
40
28
42
29
27
49
26
38
42
32
28
35
25
36
40
35
22
30
22
43
34
31
54
31
34
45
28
33
29
15
35
15
33
27
32
42
58
22
26
17
33
18
29
19
25
34
31
20
43
39
29
34
26
36
39
24
27
35
27
27
30
7
22
16
20
26
17
33
19
27
15
29
20
17
16
22
14
42
22
25
52
34
21
8
24
23
23
24
32
19
20
30
29
15
12
32
14
9
42
19
33
21
20
16
15
30
22
18
30
8
23
12
14
12
11
22
23
19
5
17
12
16
16
34
21
6
12
16
10
5
16
7
7
10
12
46
12
11
17
7
7
3
5
8
33
10
15
5
13
7
10
14
10
16
9
20
23
16
15
12
6
14
25
20
1
8
18
4
9
7
5
3
17
16
9
22
9
7
6
5
8
14
14
6
18
14
16
10
3
12
7
28
14
8
12
12
15
13
5
7
9
5
23
5
64
5
6
9
6
6
6
7
6
10
7
7
7
17
8
8
5
10
24
10
10
14
2
6
9
3
13
7
6
14
5
16
10
14
16
7
6
5
9
10
7
14
1
6
5
5
9
4
11
12
3
4
0
13
0
7
6
2
14
7
4
1
18
18
5
5
11
3
2
7
6
1
17
3
8
7
15
6
0
4
2
12
6
7
21
18
12
4
9
18
1
7
7
2
3
12
11
4
2
12
3
2
0
6
3
3
4
9
3
2
2
5
3
3
0
1
4
4
20
1
5
6
2
2
3
3
4
0
5
7
13
7
3
4
7
7
10
17
27
4
2
8
4
3
3
2
5
5
13
2
8
15
12
3
4
6
3
10
7
4
6
6
8
7
9
5
8
3
5
9
5
0
8
6
11
12
6
4
11
5
13
19
6
4
7
13
12
11
7
31
10
2
16
7
12
21
9
7
10
8
7
7
23
8
14
13
10
12
13
2
19
10
20
17
15
12
12
15
17
18
5
17
24
9
6
9
16
8
13
17
17
11
5
7
20
4
12
6
17
20
13
19
16
9
20
14
17
31
16
8
17
6
17
22
27
4
24
7
20
16
12
22
11
8
19
15
14
4
18
9
14
21
20
8
11
11
25
11
9
22
20
19
15
17
16
6
18
13
21
21
20
18
16
22
16
37
19
12
14
23
26
18
23
20
29
31
23
17
19
29
36
15
34
18
23
34
19
44
35
23
39
45
31
25
23
35
30
33
28
26
41
34
33
22
33
27
23
58
38
40
25
37
14
34
30
41
29
37
22
41
28
41
37
38
46
22
46
26
42
51
15
44
28
42
46
34
41
26
44
23
25
33
29
27
29
55
33
57
29
42
37
42
46
26
48
35
24
57
31
60
32
31
51
66
28
50
31
66
60
67
87
42
47
49
60
44
40
71
73
77
44
39
43
61
52
38
66
56
43
59
55
48
31
35
57
48
49
47
52
55
65
62
45
42
63
40
77
56
56
75
56
70
72
77
31
59
60
46
48
32
76
79
78
37
67
57
57
64
77
46
64
61
59
72
63
80
62
46
65
54
61
70
88
69
53
47
70
61
37
65
50
69
67
63
65
53
72
51
57
66
62
64
60
58
67
75
70
76
67
56
52
76
63
58
190
91
71
50
90
79
48
63
48
71
70
66
54
76
73
58
48
68
61
64
52
53
77
55
60
80
58
57
60
78
68
65
78
66
32
59
37
51
67
65
62
61
44
51
70
90
45
57
62
42
80
57
49
130
83
64
85
65
59
48
54
47
43
58
88
61
91
35
51
70
63
63
55
55
54
60
39
89
64
92
76
76
59
45
71
67
54
71
60
64
69
91
74
59
62
56
54
47
55
53
66
67
79
52
84
95
64
45
77
37
81
35
68
54
90
69
74
56
65
67
66
73
75
59
48
51
65
62
75
83
53
70
64
57
49
89
55
70
53
46
67
49
67
95
52
86
52
60
65
42
67
71
49
49
46
93
44
39
62
76
41
66
55
92
55
52
59
65
49
45
48
57
70
46
49
53
85
58
70
44
72
70
71
46
54
51
63
55
49
48
79
42
70
65
66
68
62
47
68
56
86
56
55
51
61
40
54
68
93
70
73
68
73
61
71
43
47
64
79
45
67
56
91
68
78
49
67
65
39
35
61
63
58
98
84
55
71
66
61
55
65
57
62
79
57
59
56
47
51
39
57
75
58
49
72
70
63
75
41
78
68
54
54
67
64
81
69
74
85
52
107
56
63
65
61
67
37
77
43
67
54
50
60
56
69
73
41
53
84
44
62
92
60
43
54
80
59
74
58
69
54
55
55
48
66
57
85
52
75
62
38
45
38
46
33
52
46
64
45
53
36
54
70
48
60
60
58
53
57
46
48
45
42
52
70
62
54
76
79
35
53
60
58
75
55
37
41
68
51
68
51
56
68
53
35
51
42
88
35
61
66
55
51
62
44
61
59
75
57
66
72
56
66
40
60
56
51
44
40
53
45
56
51
65
78
41
35
61
86
62
46
45
32
52
47
72
41
43
46
78
39
57
77
64
42
71
54
52
92
47
54
43
46
54
116
57
39
54
27
49
49
39
33
29
46
38
50
52
48
60
41
59
54
53
47
64
64
58
69
35
57
56
38
29
47
40
62
46
43
32
56
29
53
27
50
30
59
43
53
43
44
34
44
42
34
52
27
30
24
52
55
51
47
44
55
43
40
37
57
66
43
35
64
38
49
32
54
36
49
49
56
47
32
48
61
55
49
44
50
38
63
63
40
42
82
50
25
44
42
49
61
16
47
48
42
39
37
27
64
56
37
36
74
44
36
31
66
38
37
58
51
49
29
45
41
58
37
37
50
61
44
35
43
49
49
44
55
34
38
55
55
61
42
57
41
44
51
32
44
47
62
46
38
45
70
39
50
53
54
43
57
26
28
57
45
37
63
34
59
56
38
55
56
50
46
73
59
55
30
40
76
47
55
36
40
40
44
59
41
46
66
62
47
49
47
40
58
65
61
71
73
42
34
54
36
69
52
34
50
41
68
52
50
39
44
44
53
67
40
49
41
25
51
48
50
94
49
69
81
74
58
52
36
53
57
65
71
95
51
60
53
51
55
69
54
79
63
61
36
37
47
51
51
41
60
24
57
46
28
36
47
37
38
59
35
42
37
40
33
53
45
34
43
22
59
40
68
46
47
39
37
51
20
38
41
42
48
45
55
44
35
32
45
68
31
42
54
34
41
29
68
40
42
51
33
42
60
41
30
34
49
38
54
59
45
45
47
29
33
36
27
45
30
35
43
34
50
39
39
42
46
46
34
18
38
28
66
54
37
52
35
38
18
32
29
53
54
40
23
24
26
49
30
26
36
28
21
26
24
41
24
24
29
42
37
34
22
20
35
34
31
30
18
48
17
31
31
30
15
49
8
16
26
18
39
17
25
21
21
38
23
30
20
24
19
11
30
44
26
15
31
25
31
19
14
32
20
14
12
26
7
32
23
29
23
16
22
28
24
49
23
28
4
25
38
52
47
25
36
4
15
31
26
24
15
30
15
21
15
12
30
21
13
41
20
16
15
35
29
145
14
19
15
26
20
6
21
12
28
17
16
31
21
30
8
22
12
21
5
24
11
16
12
18
25
17
12
10
9
20
3
17
12
22
16
24
21
24
8
25
9
18
33
15
15
4
7
23
8
11
14
23
11
10
19
9
11
15
13
16
28
18
13
28
17
10
15
15
18
10
11
17
7
11
14
8
7
13
5
13
22
14
6
33
14
8
16
17
6
27
10
18
4
18
15
14
14
11
18
4
10
14
20
9
5
11
19
16
6
14
7
21
7
7
6
6
4
13
28
14
7
2
10
25
1
23
12
17
17
14
13
14
19
10
10
15
21
13
13
3
8
5
6
7
6
11
3
4
13
10
5
3
5
25
10
22
6
0
15
9
20
7
13
5
4
10
7
15
10
6
17
0
7
2
7
12
4
3
8
28
4
10
6
3
5
5
8
6
4
6
11
10
5
15
9
5
10
3
20
6
10
6
5
6
5
11
4
12
4
4
21
8
15
8
4
6
12
3
3
4
6
9
6
1
4
11
15
6
8
9
6
9
14
5
11
8
8
12
6
5
4
8
18
0
3
3
2
9
10
9
12
22
6
12
16
8
19
6
7
17
4
11
4
10
13
15
25
7
21
1
18
8
20
7
32
10
11
7
19
28
10
8
8
9
32
14
10
10
11
8
14
25
30
11
30
5
13
12
15
4
17
8
18
25
14
10
8
13
13
10
7
9
21
11
6
14
8
20
28
12
14
2
28
10
26
15
10
12
9
33
15
12
15
16
30
21
10
30
26
27
54
26
21
7
34
16
18
19
18
14
21
16
16
21
49
27
18
27
19
18
20
36
25
26
10
9
22
34
25
26
19
31
16
30
23
14
14
17
19
25
23
41
10
25
38
48
36
26
14
26
50
51
21
39
28
29
19
27
44
40
29
28
23
44
18
17
33
38
22
38
33
32
25
44
31
33
42
21
38
26
51
17
64
52
31
43
44
32
60
28
45
34
58
42
28
31
39
52
49
14
41
28
37
31
91
70
35
29
40
55
35
57
40
40
53
44
34
41
38
70
18
45
42
40
31
33
43
46
42
48
44
40
53
30
52
80
65
49
59
43
39
57
64
60
56
63
47
60
52
58
56
58
57
42
65
46
51
45
56
42
53
48
43
42
42
39
77
60
82
109
57
80
46
53
53
53
57
55
55
62
50
48
41
60
48
38
63
71
51
37
39
39
39
41
64
47
64
80
68
58
60
59
54
44
58
65
62
78
61
49
76
54
67
58
84
51
54
121
72
45
69
74
75
65
50
53
35
60
56
34
55
51
57
75
70
45
67
63
46
61
69
44
80
56
55
51
55
70
64
43
113
45
55
71
51
42
72
44
62
49
50
77
78
83
86
59
52
82
66
57
79
27
52
58
61
65
68
51
59
56
66
35
69
52
62
47
61
88
82
67
107
63
59
54
75
71
35
44
80
59
49
64
66
47
82
72
46
81
66
62
74
79
54
79
54
58
80
68
58
56
72
66
62
76
92
61
66
62
51
73
61
79
60
93
75
50
68
50
80
49
51
47
73
60
58
58
53
57
63
44
39
49
59
39
52
82
50
55
51
74
62
61
48
59
38
44
82
57
71
56
77
57
65
78
45
67
67
58
76
97
89
42
85
46
84
76
64
48
65
66
93
82
56
104
68
71
78
67
46
62
59
56
56
74
79
64
63
61
60
59
72
48
82
80
65
49
34
75
78
62
83
67
84
78
85
62
43
80
40
58
49
60
89
81
67
55
101
62
63
80
55
65
62
65
69
74
79
85
53
69
43
50
67
75
41
74
54
73
46
80
59
67
61
40
94
68
38
66
72
54
53
57
53
59
36
56
62
59
57
57
104
68
57
62
66
42
40
75
50
56
75
51
50
58
63
65
39
63
69
56
55
58
77
68
57
21
74
56
57
50
74
73
78
69
51
61
52
71
70
64
65
70
62
78
51
50
39
74
79
55
46
67
40
69
72
28
63
53
62
76
61
58
58
46
41
54
63
43
92
61
56
60
53
61
117
58
66
64
61
68
46
56
53
73
60
47
70
56
53
68
41
54
55
50
72
36
55
54
59
86
47
71
66
42
42
51
50
51
67
65
44
56
57
53
45
57
77
75
69
48
51
76
44
72
66
63
48
37
68
56
24
44
52
47
57
38
48
77
65
44
53
41
57
41
52
43
70
50
59
46
52
56
74
66
61
80
66
52
54
47
53
66
31
55
51
63
55
43
39
54
41
35
59
36
31
43
39
26
46
26
39
46
24
31
35
42
34
41
31
44
61
34
31
50
29
34
48
27
43
52
45
30
51
35
28
48
31
46
52
64
25
48
41
65
36
42
41
48
43
61
34
46
67
41
53
42
33
55
46
52
17
55
61
35
46
67
48
48
47
39
64
42
36
24
29
39
48
50
55
48
53
46
38
38
43
49
64
49
50
40
32
46
45
34
43
50
47
34
68
57
31
33
54
30
38
48
75
59
53
41
56
39
49
27
30
34
41
51
52
54
47
47
35
44
51
40
30
100
30
32
74
48
40
42
52
51
46
35
42
53
40
43
72
39
45
40
33
41
53
40
49
28
32
88
44
48
46
46
59
54
48
41
48
46
78
50
63
39
53
57
44
35
60
68
57
47
55
55
34
45
40
56
76
50
55
43
51
37
81
34
77
47
48
65
52
62
41
31
59
32
53
69
48
111
46
63
47
68
72
48
45
41
43
35
51
71
29
48
50
60
35
41
59
70
78
73
48
49
52
53
52
55
58
50
35
42
86
61
42
42
46
47
63
67
63
50
76
53
64
39
74
43
58
61
30
28
50
39
27
54
60
61
49
37
72
40
59
42
31
64
45
42
54
54
43
48
56
52
49
47
37
48
62
66
30
32
55
49
55
84
48
61
43
47
40
43
40
69
57
46
35
54
60
44
45
27
50
44
29
46
47
49
38
42
36
73
48
39
69
33
30
51
57
30
55
42
66
38
48
78
46
48
57
32
39
44
46
52
38
42
33
35
17
19
45
28
50
28
25
41
25
20
47
50
30
28
36
28
20
54
34
39
23
30
27
19
34
23
39
41
28
18
18
32
32
27
14
35
12
32
20
15
40
22
40
61
26
21
21
31
32
23
26
27
23
36
29
28
25
37
27
15
36
17
21
27
21
32
20
22
25
17
25
28
23
28
31
20
31
19
19
25
20
13
13
32
14
19
16
27
44
19
22
25
27
54
21
39
20
16
30
17
27
33
19
28
12
16
18
12
12
23
31
27
17
36
15
24
7
24
13
42
18
9
16
16
17
10
15
18
21
15
12
17
18
27
18
14
19
14
16
12
10
16
12
12
5
13
5
19
16
25
8
1
9
13
3
8
16
11
7
25
8
5
14
12
13
24
9
5
20
13
12
12
15
7
17
17
7
20
3
7
6
17
5
8
6
14
32
13
11
1
10
8
3
17
13
12
9
8
13
9
3
14
8
4
14
8
2
11
3
21
12
9
2
4
5
9
4
5
5
14
5
9
19
3
12
5
16
4
13
12
3
8
9
7
9
7
12
13
11
5
2
5
10
9
5
6
10
1
4
13
5
10
6
18
12
10
12
10
4
3
39
6
10
3
6
3
3
7
2
7
17
4
3
16
26
1
4
3
8
12
5
7
5
1
4
3
3
10
4
7
4
9
30
8
3
3
12
4
21
7
6
4
10
19
8
8
9
3
16
5
9
2
0
4
8
2
2
10
10
8
3
6
7
8
7
8
16
2
1
3
14
16
7
8
1
4
9
3
1
5
8
14
1
4
5
11
7
6
4
6
12
3
4
5
5
11
9
7
12
4
5
15
20
11
21
2
9
17
3
15
4
6
9
4
5
11
8
13
26
23
13
1
11
11
9
5
14
13
8
10
11
11
17
8
16
8
8
14
11
9
19
11
7
46
8
15
7
12
17
16
23
27
6
27
7
10
10
12
12
13
15
11
15
7
7
20
17
9
20
12
22
12
17
12
11
15
8
9
5
17
25
13
13
52
16
13
12
14
14
11
23
21
15
20
12
21
16
10
13
21
28
22
19
20
33
20
25
22
21
32
29
10
24
18
13
21
16
14
12
34
19
29
10
25
29
29
17
17
24
33
11
28
24
29
39
25
49
33
50
21
54
39
12
37
31
68
18
28
31
12
25
46
22
36
37
34
42
17
47
33
29
38
27
26
39
39
20
16
24
17
27
37
51
41
21
50
46
20
32
19
38
16
45
50
32
34
29
32
35
40
40
36
44
30
46
36
34
42
43
45
40
43
50
42
48
44
45
30
26
38
41
72
39
31
79
50
28
52
46
50
54
58
59
55
61
29
26
28
61
52
65
51
48
81
60
45
38
52
47
57
65
41
60
49
39
50
46
45
55
67
47
85
48
60
43
37
76
45
56
52
31
47
39
35
39
54
42
77
48
45
80
56
32
60
54
65
68
54
67
65
73
75
70
82
51
51
42
46
36
100
55
48
51
78
76
50
93
81
63
48
110
93
57
66
78
77
73
41
54
78
54
74
69
77
49
70
74
60
62
69
73
74
62
53
85
51
47
40
72
82
82
70
36
75
65
43
44
46
61
42
52
78
48
41
48
79
58
58
71
35
83
96
48
68
52
59
49
63
57
58
45
65
91
72
45
89
61
104
72
42
71
113
67
84
80
56
45
47
51
71
71
52
61
55
64
59
65
56
46
80
79
45
85
33
73
45
46
50
78
94
48
51
61
63
46
79
59
53
71
78
65
88
47
74
84
73
77
60
64
40
81
34
73
75
86
95
49
77
63
56
97
54
90
71
60
69
46
55
51
60
58
65
72
100
59
98
66
65
58
57
71
46
57
50
66
56
64
61
84
82
64
60
53
60
99
70
61
59
61
66
68
70
50
62
60
57
76
62
55
57
76
75
86
104
56
62
65
71
78
67
52
76
66
63
46
79
50
48
55
47
64
53
52
55
77
80
60
57
46
65
56
84
34
67
65
63
52
46
95
55
47
67
57
73
69
58
62
103
38
60
61
64
69
55
52
54
52
43
47
54
41
103
51
45
62
44
64
51
64
50
77
40
65
43
39
88
44
56
87
49
52
66
55
49
51
78
79
52
79
59
77
77
56
70
68
41
39
22
54
41
66
64
37
45
62
90
67
64
55
54
40
44
63
64
43
38
80
66
45
65
40
46
46
49
65
55
71
65
61
53
56
48
42
60
36
46
80
62
58
30
42
53
80
50
47
78
76
62
75
57
89
65
45
81
51
42
65
62
73
85
36
70
50
32
56
45
73
38
69
50
61
54
47
61
72
59
43
75
61
30
53
60
60
36
50
55
52
59
47
47
45
76
54
56
42
67
54
35
46
40
50
59
34
84
41
53
43
29
51
56
63
44
60
58
63
42
55
56
36
54
62
38
45
50
37
33
78
51
66
43
59
56
40
38
43
35
36
75
47
64
47
50
42
53
54
66
55
68
40
51
62
47
39
56
28
41
68
55
41
40
41
46
29
37
46
64
42
43
54
54
37
37
39
53
39
45
53
53
35
40
54
55
27
56
41
37
38
33
52
36
54
59
30
64
27
30
54
50
68
33
40
54
38
51
38
41
36
39
44
31
44
51
45
48
35
60
56
33
46
32
44
41
52
61
38
58
35
34
32
34
51
41
61
35
49
49
51
50
29
45
40
75
39
47
38
43
47
66
42
46
57
64
46
48
39
35
45
60
36
27
24
45
43
53
49
51
43
44
47
47
38
27
69
46
44
40
53
31
50
39
30
42
39
43
41
44
43
45
19
52
47
29
27
45
45
33
45
40
48
27
64
37
36
34
47
58
57
38
54
41
46
66
41
37
52
35
40
51
52
38
49
37
61
22
49
26
60
62
55
63
44
38
42
31
39
44
55
66
63
16
41
53
45
21
44
61
32
43
40
56
45
63
67
37
48
45
61
46
68
56
41
46
61
45
66
60
67
38
42
42
51
27
60
59
45
50
36
36
46
32
56
58
56
38
51
45
46
43
64
52
49
44
44
45
52
45
35
40
50
49
28
43
54
38
48
39
37
29
37
45
45
39
51
42
32
43
46
30
57
22
29
28
38
37
78
52
54
50
56
33
29
71
39
61
39
33
26
38
28
58
38
39
54
43
56
25
39
21
37
62
78
46
34
23
36
38
33
40
37
45
28
19
64
34
44
32
32
26
36
27
55
40
24
29
62
38
37
38
39
37
59
24
26
35
49
29
46
29
29
36
26
36
32
34
64
20
26
45
33
29
33
32
20
27
24
24
58
27
48
31
30
33
33
27
13
28
34
34
41
24
30
28
19
22
10
20
24
24
39
11
34
15
32
32
25
34
38
30
24
19
29
51
40
34
23
40
14
30
15
23
21
16
25
27
36
23
34
21
18
19
8
29
17
31
25
27
5
23
22
27
22
9
26
26
22
15
29
15
23
40
21
50
12
6
17
20
12
15
30
11
23
18
6
26
20
17
29
25
23
20
25
17
29
23
33
18
27
21
15
23
6
11
18
4
17
14
25
32
28
20
31
15
17
18
16
18
9
22
24
14
16
8
7
20
13
14
27
14
14
16
21
16
7
5
16
34
29
27
17
17
27
12
17
12
41
15
11
19
18
7
22
18
7
10
5
13
5
11
7
14
9
23
6
26
7
10
15
7
10
7
26
17
6
9
9
6
9
7
22
8
7
12
10
5
9
4
10
11
10
6
7
3
17
16
7
6
2
26
12
6
11
11
6
10
30
19
22
11
5
11
11
8
14
20
16
8
8
7
2
6
9
12
8
10
4
1
10
16
5
4
9
10
15
4
9
7
7
17
6
2
34
23
20
7
2
6
1
2
19
15
4
12
9
6
6
10
7
8
9
2
12
3
18
2
10
18
13
23
6
10
7
4
7
2
8
15
4
4
3
7
5
3
5
5
4
9
5
10
9
12
13
7
14
2
6
8
9
14
5
9
3
7
3
7
18
6
6
6
2
7
4
9
5
7
24
11
13
8
1
14
1
12
6
10
8
11
12
3
10
8
8
0
4
11
4
8
2
10
7
7
4
5
5
21
8
4
18
16
8
6
14
8
16
12
5
5
18
12
4
23
4
9
21
18
12
12
12
11
4
18
16
23
10
8
4
10
23
11
13
12
17
29
12
21
7
11
30
10
20
25
16
12
8
19
19
16
10
11
22
14
10
12
12
10
24
32
9
8
10
13
31
20
19
8
29
18
12
18
13
18
33
16
34
13
15
14
16
7
23
14
9
11
8
13
16
17
19
10
20
17
18
11
24
21
39
28
16
20
23
27
35
12
18
20
27
21
31
30
21
26
31
18
30
24
27
24
17
26
22
46
30
27
20
27
27
42
25
16
35
28
33
33
55
29
44
31
22
31
23
12
27
23
22
18
27
34
44
38
44
47
48
49
26
38
31
33
18
55
24
39
28
42
41
18
41
21
36
35
38
31
41
28
29
38
35
46
58
57
26
35
47
42
32
40
32
30
41
51
59
31
34
48
41
55
75
25
48
42
58
55
48
34
53
35
58
34
42
56
63
48
52
73
33
34
35
55
71
43
42
44
45
50
55
39
57
54
67
31
43
47
34
47
44
44
41
39
73
61
57
78
75
69
78
81
73
57
43
60
64
34
47
74
74
58
57
63
59
50
65
64
69
80
55
66
86
50
61
61
51
55
42
64
56
48
69
40
53
74
46
68
84
54
80
57
65
80
59
72
56
66
71
46
119
70
38
74
63
53
57
68
112
55
51
61
51
55
58
45
99
57
46
45
44
50
64
43
41
67
61
65
54
37
79
65
147
60
79
177
56
79
63
58
61
100
57
87
76
56
59
59
54
100
59
60
65
75
50
87
103
65
41
79
56
68
118
81
57
85
66
43
80
82
71
75
62
67
65
45
82
102
87
63
93
66
59
57
37
45
172
75
51
56
95
85
64
59
45
67
48
53
73
47
39
45
89
71
60
115
48
84
98
61
77
41
59
85
80
73
68
55
67
53
68
59
49
57
64
47
54
65
63
59
63
89
44
58
63
42
80
52
63
56
85
51
48
82
69
56
59
96
48
59
65
58
65
78
52
61
57
58
41
55
70
68
76
56
53
51
58
71
60
58
81
56
64
80
131
57
57
77
42
59
56
61
55
70
57
47
59
75
71
48
72
64
61
56
73
58
66
34
70
64
76
47
89
76
64
72
49
70
41
68
74
57
132
67
49
56
83
67
58
55
102
106
74
71
106
92
61
90
67
47
73
82
81
52
84
77
79
92
54
78
131
120
122
72
71
104
86
100
121
122
102
106
97
115
221
136
172
176
148
166
185
124
136
133
141
130
145
213
201
200
180
189
185
187
187
218
177
243
170
246
209
109
122
196
181
207
207
238
202
256
313
193
174
253
248
166
131
107
44
48
66
42
55
67
60
75
58
67
59
76
48
45
51
46
49
65
42
61
75
57
48
77
45
58
50
94
104
51
56
63
79
64
65
54
70
64
53
45
49
71
51
56
50
61
56
59
58
69
68
70
55
65
47
47
52
37
56
55
68
67
76
56
54
62
46
95
52
40
70
64
61
42
52
77
64
51
61
65
38
66
57
57
47
63
50
63
53
63
41
36
47
74
60
79
41
39
29
57
52
41
50
34
34
31
37
97
52
50
75
57
65
47
52
38
53
77
52
68
54
47
30
38
51
55
20
47
42
59
51
57
74
41
38
34
44
42
46
51
52
61
66
47
82
40
46
57
41
42
41
42
63
42
40
43
38
30
52
58
43
46
48
50
49
44
52
54
44
37
44
48
29
35
37
48
34
58
51
34
45
49
40
48
33
36
43
44
31
46
36
32
49
42
41
50
33
30
39
61
37
45
35
48
45
50
41
27
41
60
43
45
41
48
54
48
38
39
36
43
54
60
50
30
26
58
31
35
39
73
37
54
33
47
33
54
42
33
28
15
57
32
40
50
54
43
49
30
48
50
41
35
41
32
55
33
27
39
43
45
46
43
47
38
47
38
24
37
65
43
27
47
45
45
18
85
54
32
30
45
45
47
37
42
34
33
42
32
33
54
40
37
59
50
22
48
36
63
42
38
31
115
44
31
34
58
40
38
86
44
44
43
41
40
38
31
33
71
37
51
39
27
48
66
44
39
31
51
30
41
46
38
34
29
31
28
34
42
34
39
55
50
45
32
36
48
35
30
37
39
51
40
36
33
46
32
40
38
43
41
40
54
52
46
39
50
43
38
39
54
56
35
68
47
49
29
42
32
48
36
34
33
31
39
45
35
51
40
54
49
70
38
41
50
30
50
31
47
65
54
39
29
56
30
30
52
36
43
31
37
32
28
40
40
54
29
35
55
22
31
44
24
31
60
33
46
29
40
38
24
21
41
39
33
19
29
43
27
36
45
45
36
51
24
42
42
31
65
41
67
40
27
64
31
22
42
29
41
37
26
66
36
41
23
19
49
23
25
26
26
34
36
37
33
38
33
40
21
35
37
16
31
37
33
47
42
33
40
30
27
31
35
29
39
27
23
38
28
22
42
31
26
34
29
37
30
24
41
24
42
40
39
21
24
33
21
23
21
26
17
28
34
28
24
24
21
13
19
22
23
18
20
34
19
24
13
30
32
22
29
12
20
29
26
28
24
16
40
14
20
34
17
17
3
22
22
39
27
35
37
19
13
30
14
24
40
26
11
19
30
12
16
39
25
30
24
21
11
21
33
28
11
12
13
16
18
21
24
26
14
16
27
22
32
5
45
39
33
13
24
24
13
30
23
11
17
20
10
28
18
18
12
10
9
11
22
11
17
11
12
16
13
23
15
22
11
9
9
10
20
18
8
22
14
41
15
23
11
13
17
14
19
10
8
11
11
15
22
7
8
16
5
15
4
7
6
10
13
17
2
14
8
1
24
16
18
11
1
10
19
12
20
15
6
8
16
13
11
7
8
4
7
15
12
9
32
15
2
13
12
8
9
7
14
2
16
6
5
8
8
7
4
4
16
6
7
5
3
11
5
9
12
5
5
10
4
8
10
19
10
6
6
14
8
4
16
3
6
7
5
3
7
5
4
2
5
10
6
8
14
17
10
5
7
20
19
5
6
11
9
13
0
9
5
2
14
6
6
9
7
6
4
13
12
10
5
17
3
4
7
25
21
1
3
5
4
8
3
3
5
5
9
8
10
9
5
12
7
5
6
5
6
4
4
10
10
22
4
1
8
8
4
8
4
12
7
2
7
5
4
9
4
3
7
7
10
5
11
4
1
9
3
1
4
5
6
6
3
3
5
6
4
5
13
8
14
9
8
5
7
13
4
5
8
4
3
8
5
1
5
9
11
9
8
6
6
6
11
0
3
8
6
9
4
3
10
4
6
3
9
9
10
1
2
6
6
5
8
11
3
4
11
9
13
7
2
5
5
4
11
7
6
8
6
8
9
19
4
11
3
7
12
13
8
15
5
17
13
9
4
11
10
21
7
7
18
6
18
13
19
10
12
13
12
15
15
18
32
13
17
7
13
5
17
9
9
4
8
17
30
10
13
27
29
9
22
13
25
14
10
26
22
20
18
17
22
17
9
10
23
9
11
20
11
8
32
22
13
31
16
17
17
31
19
20
14
28
17
24
10
31
24
40
21
19
56
27
20
36
16
19
8
30
32
46
29
23
37
34
18
15
26
26
53
28
39
32
15
31
25
36
32
44
24
35
37
29
35
26
47
33
26
51
20
45
36
29
37
34
57
59
32
23
26
50
36
47
35
35
40
33
34
43
46
42
35
48
35
49
45
49
46
37
46
36
44
50
26
45
46
50
48
53
64
48
32
65
49
49
33
46
34
26
46
40
27
42
37
35
52
49
51
46
59
28
72
62
54
50
49
61
60
49
68
57
71
49
36
85
46
52
39
49
61
46
55
74
59
42
61
52
55
53
76
48
66
64
39
58
70
51
35
57
51
47
68
50
45
41
63
82
57
85
58
37
53
50
53
30
49
43
50
53
56
55
58
54
80
71
49
56
56
68
29
61
77
78
56
62
45
57
62
89
65
61
38
69
91
77
44
44
71
54
68
77
57
53
62
49
63
68
64
88
60
73
61
69
59
60
73
53
53
54
80
63
37
50
73
79
54
88
76
59
100
73
90
80
61
59
82
77
55
57
51
68
46
105
65
51
42
46
93
57
57
74
79
82
51
55
68
46
67
94
58
84
65
75
41
78
78
64
81
71
46
65
77
90
79
46
55
86
72
47
53
57
74
58
63
55
77
103
119
56
60
95
58
66
76
57
78
52
82
75
75
67
95
72
71
59
51
61
80
80
101
48
61
81
79
32
64
70
71
41
60
45
91
88
40
52
71
57
58
48
59
63
44
92
58
53
57
54
70
45
46
59
61
53
54
78
66
54
46
66
59
62
59
78
78
54
65
67
65
52
45
41
48
63
80
56
65
42
74
56
66
71
48
55
63
55
65
55
44
58
61
57
81
75
68
50
79
66
69
67
68
98
55
47
59
56
90
60
56
84
64
79
66
46
73
58
75
67
58
76
53
51
56
73
69
71
65
75
80
85
46
43
42
56
59
53
53
44
64
47
53
50
43
37
63
89
68
74
56
63
54
62
55
45
46
69
52
60
58
79
53
78
60
59
74
54
50
42
39
74
69
43
64
49
59
50
42
59
63
67
61
46
66
74
158
65
58
77
56
53
85
75
66
68
50
55
37
43
77
73
58
52
60
47
77
63
52
57
30
66
62
46
68
75
68
60
33
71
54
57
76
69
64
46
68
49
46
50
35
63
37
45
58
55
66
46
59
60
62
42
52
68
35
87
37
34
63
48
60
69
61
61
56
33
59
66
59
71
47
40
49
71
61
45
56
56
54
46
58
37
56
43
102
51
28
64
49
66
55
61
53
43
68
51
63
45
46
55
40
65
55
41
34
59
65
70
47
57
59
55
60
59
77
59
53
65
75
56
70
65
43
64
35
66
53
61
50
61
43
50
57
45
46
39
46
63
68
56
65
53
35
58
71
50
66
59
63
52
52
41
36
36
55
44
30
40
33
54
45
60
31
46
39
50
32
47
48
34
56
61
35
66
56
32
56
30
38
73
37
34
53
33
47
35
29
49
41
35
50
44
37
52
30
48
42
40
20
41
33
50
40
44
42
28
50
37
39
38
45
48
44
37
34
40
28
47
42
48
44
37
43
46
33
40
46
40
44
47
30
38
50
43
47
41
53
30
26
51
71
29
56
46
42
36
34
35
50
34
41
43
38
26
48
52
53
44
31
48
54
46
38
52
61
35
58
46
47
26
40
64
26
26
27
42
28
67
63
21
32
15
77
48
56
57
44
44
33
48
37
60
47
29
36
28
37
61
65
47
45
32
32
30
28
47
56
34
33
34
38
50
42
30
22
52
38
21
53
41
31
69
25
56
43
59
21
33
41
38
48
26
37
55
54
51
34
29
38
37
55
36
61
43
22
40
20
32
33
43
29
28
45
46
36
60
34
43
23
45
39
27
52
45
42
37
31
67
39
23
36
46
52
39
37
42
44
21
53
39
50
32
27
50
28
30
27
36
50
35
32
19
46
29
59
21
47
34
27
43
43
44
38
43
43
23
26
33
38
39
40
38
35
30
31
44
39
35
51
32
45
30
37
38
28
30
38
32
30
39
32
30
44
30
36
33
25
26
21
20
36
45
45
36
40
31
35
29
28
22
33
24
51
31
19
22
26
24
34
34
46
44
31
36
34
43
35
46
21
30
24
36
30
19
25
27
21
24
35
28
26
30
24
24
32
23
32
33
50
6
29
30
43
17
14
32
28
16
18
29
19
26
20
34
42
31
34
16
21
37
24
24
21
20
22
25
13
30
43
35
8
21
33
22
18
21
19
26
12
29
15
15
13
17
28
29
19
28
14
27
10
18
31
10
34
15
17
20
35
36
19
17
22
32
22
20
33
28
10
25
28
21
24
14
13
20
17
31
9
33
12
22
21
17
24
31
39
20
18
11
39
17
13
8
12
19
13
27
17
23
21
12
22
18
36
31
15
20
17
30
9
22
13
23
19
6
49
22
15
23
16
14
11
5
11
26
11
12
15
13
15
9
22
23
18
16
11
4
7
17
14
7
5
8
23
9
16
20
15
22
15
5
3
7
10
8
4
3
8
10
16
12
17
18
6
11
10
26
6
19
14
11
3
14
12
11
6
5
7
10
8
12
17
1
11
3
18
8
10
4
3
4
4
4
14
21
4
6
8
5
8
10
5
31
7
15
5
2
15
2
15
13
4
8
4
11
6
5
12
13
4
2
4
2
5
5
14
7
4
6
8
1
4
8
3
4
7
2
11
6
4
3
3
13
12
6
5
4
2
7
10
3
12
4
4
13
4
10
6
1
7
11
8
3
7
4
15
10
3
6
5
5
6
2
4
23
5
1
7
8
6
2
5
6
3
7
8
3
7
2
3
6
3
5
5
15
11
7
5
0
1
6
3
4
2
5
2
1
3
1
5
5
11
2
16
1
1
6
8
6
6
13
5
4
9
4
2
1
2
10
3
3
25
0
10
14
15
3
3
11
6
3
9
3
1
4
5
7
6
6
2
6
13
11
10
6
11
5
2
7
2
5
3
11
6
7
3
6
8
4
4
10
3
5
1
3
9
4
1
5
3
3
3
7
10
5
2
8
2
2
7
1
8
4
0
5
1
7
8
5
20
4
4
6
9
1
3
13
5
13
5
11
8
9
12
4
7
6
20
8
12
4
8
2
10
18
16
9
10
7
7
9
23
6
14
15
4
10
14
13
11
32
16
4
15
11
19
7
14
9
6
8
14
7
6
20
10
13
11
14
9
25
9
13
15
18
13
17
10
16
10
43
11
17
12
12
8
9
19
11
45
8
18
35
17
20
17
13
17
19
19
17
8
22
13
25
18
21
20
19
26
28
26
38
24
16
22
22
22
30
26
37
37
25
16
32
27
34
21
45
30
15
15
23
14
19
41
19
40
45
31
33
27
17
24
26
25
22
50
29
26
31
18
44
29
37
42
54
53
27
28
65
39
36
36
52
30
29
42
50
42
35
25
52
59
31
55
44
55
32
19
33
44
47
38
64
42
33
62
38
35
26
49
30
37
55
25
51
41
53
49
27
56
30
56
36
26
35
25
53
60
48
117
35
43
31
60
44
42
50
41
76
41
48
50
36
51
55
46
53
46
50
29
37
32
36
50
53
46
63
56
50
55
59
45
67
47
32
62
38
71
58
41
65
81
52
52
37
55
86
63
76
55
42
67
68
76
70
80
67
39
48
41
62
53
40
74
87
78
64
39
35
44
62
47
60
48
62
47
53
65
69
30
49
58
49
79
49
48
65
60
50
45
60
59
73
52
77
44
54
59
65
63
56
55
40
47
76
53
80
50
43
42
74
66
75
55
60
39
69
107
54
87
57
50
72
58
70
66
69
53
37
52
56
52
65
52
45
72
48
56
71
74
58
53
52
26
47
43
51
48
98
86
86
59
34
38
69
94
54
62
91
79
63
68
49
61
62
63
72
45
55
49
58
65
50
49
51
61
60
62
46
49
60
53
57
95
57
37
52
50
75
48
42
59
33
46
57
61
47
47
44
60
63
58
65
58
61
82
36
69
52
54
60
52
70
56
68
37
34
76
48
55
40
51
42
47
78
49
43
59
58
40
73
65
58
46
79
38
63
73
72
71
48
53
79
49
64
53
54
91
41
51
84
61
93
32
62
74
68
66
56
80
57
48
62
42
72
72
61
42
53
47
33
67
63
49
67
37
56
55
55
47
53
103
48
55
50
47
62
60
64
54
63
64
58
46
39
59
57
53
37
110
93
41
61
47
73
85
67
64
59
76
50
36
69
41
51
55
56
40
67
74
50
68
58
86
60
65
55
64
62
56
39
52
31
34
59
40
56
56
51
58
46
69
65
63
65
65
63
60
62
46
63
54
62
49
64
60
52
43
32
42
55
40
48
84
67
66
43
57
71
67
76
49
34
47
66
63
65
62
53
52
32
81
58
60
92
71
44
73
80
83
52
74
63
70
56
68
57
54
39
40
58
49
76
58
45
40
55
57
86
56
60
44
62
63
49
56
62
69
48
56
83
55
46
72
57
70
60
54
46
78
39
32
80
64
49
48
39
101
89
33
55
63
52
51
60
48
71
80
65
46
41
44
46
45
44
70
53
46
56
53
56
41
54
55
67
73
47
54
52
62
61
57
59
64
58
59
60
105
67
44
33
73
45
48
60
71
48
59
39
57
45
55
74
59
47
54
66
51
56
39
49
42
44
58
46
76
70
43
76
49
65
43
49
52
72
33
53
57
72
38
33
48
69
48
58
52
50
41
59
31
45
56
33
59
48
34
41
49
50
32
46
48
51
68
59
28
38
52
37
52
58
41
32
44
37
53
61
35
53
52
66
51
50
44
20
45
42
72
42
33
44
51
55
52
54
45
22
55
34
48
34
36
49
54
48
56
40
44
46
57
49
77
43
58
67
72
48
25
48
38
43
44
53
49
53
46
75
49
56
58
44
36
31
47
70
42
75
62
41
32
34
42
45
46
39
40
49
48
54
50
38
44
38
46
55
47
35
54
43
43
73
94
35
33
59
127
48
32
54
64
55
74
35
56
54
45
51
64
79
74
55
72
79
54
37
44
53
62
67
45
59
33
42
64
33
39
53
80
62
30
44
55
60
39
26
70
45
63
60
32
52
74
45
80
33
58
49
45
51
42
43
59
58
49
60
63
39
61
40
48
45
50
98
43
56
66
71
62
37
45
48
51
54
55
36
69
31
82
31
62
60
43
38
34
53
45
29
43
44
52
64
46
44
57
48
30
48
26
48
79
43
24
36
41
56
50
38
65
52
54
69
59
26
37
60
50
37
35
51
50
37
48
50
42
36
51
26
55
56
46
36
60
37
43
48
45
38
43
51
31
31
49
52
22
26
50
36
55
43
27
51
41
50
38
33
33
26
37
43
39
42
32
38
43
49
33
36
33
31
26
37
39
31
40
25
34
49
31
24
31
28
45
39
40
32
39
21
28
22
36
37
32
32
16
28
47
31
40
22
30
22
28
31
35
17
29
33
42
28
16
37
33
42
38
24
17
37
30
40
25
25
32
29
12
45
25
23
29
23
18
12
17
13
22
20
22
34
23
24
39
24
23
25
35
10
25
19
20
17
16
28
14
13
17
3
18
12
19
12
12
21
39
17
11
14
20
11
12
21
14
16
17
25
7
21
20
10
5
12
21
9
22
19
11
12
10
15
39
7
30
14
20
21
8
8
27
8
8
4
2
14
14
2
23
4
14
8
9
5
4
3
16
32
4
22
26
22
14
12
14
7
12
6
23
16
13
20
8
12
20
14
9
4
11
24
10
15
5
16
11
14
3
11
27
4
12
1
12
4
12
6
5
13
5
3
6
9
6
9
19
4
12
4
7
3
17
4
5
12
4
8
12
3
11
6
2
14
22
8
7
6
7
25
12
11
21
10
7
13
11
8
6
7
6
7
2
10
23
7
6
2
9
5
3
14
16
26
12
10
6
2
7
14
5
14
12
0
9
9
2
2
0
4
3
8
3
1
19
7
5
3
7
6
3
6
17
8
10
2
9
5
6
9
10
17
0
3
4
2
5
3
7
5
7
7
10
6
6
3
4
9
1
12
6
6
0
3
3
8
12
3
2
2
15
4
19
21
14
12
8
9
4
4
4
7
4
5
8
14
1
2
3
13
10
1
6
4
3
7
5
4
12
3
16
4
9
4
4
2
7
4
5
1
2
4
3
3
3
2
2
1
3
5
6
5
8
3
7
2
15
6
5
3
6
4
7
13
4
12
7
9
6
8
6
18
6
7
1
3
17
8
5
2
4
3
6
9
1
7
5
8
7
15
6
6
4
6
7
11
8
6
14
7
10
8
11
6
3
16
4
3
11
6
12
20
4
7
3
16
15
5
16
12
15
9
15
4
7
9
7
9
19
7
8
6
8
26
6
7
13
22
15
9
15
9
18
17
4
14
7
11
16
7
14
12
5
5
25
7
5
24
31
13
9
14
19
22
24
12
14
17
17
9
23
21
16
26
15
25
17
17
17
23
29
14
10
10
20
30
11
11
28
9
13
17
21
28
15
14
22
26
13
11
22
29
32
15
50
21
21
15
19
6
24
13
36
9
26
19
22
24
13
36
15
26
26
18
21
25
27
29
17
30
20
21
19
28
20
23
35
27
33
26
21
32
24
29
27
15
17
36
38
49
25
23
22
28
41
33
18
29
33
29
35
26
24
43
17
32
23
26
18
32
22
47
28
20
19
63
36
34
54
44
25
42
61
43
26
31
26
15
30
20
26
37
24
31
28
24
42
43
50
32
37
38
29
77
28
51
41
35
45
45
60
37
48
35
31
29
39
34
31
23
17
33
35
53
42
25
62
39
35
43
37
33
36
56
43
38
25
49
47
43
25
48
46
35
40
39
35
36
44
44
45
47
31
43
36
81
48
40
60
46
37
38
68
42
38
66
56
68
38
36
50
49
45
70
44
63
52
51
54
33
35
55
33
41
101
53
47
37
58
43
40
65
53
72
56
27
19
49
47
69
44
42
76
52
50
36
45
58
49
58
56
41
38
42
45
48
38
40
43
41
41
58
44
45
51
49
59
39
36
36
48
35
46
55
37
53
56
35
46
41
47
47
48
42
76
64
46
43
40
33
45
57
75
54
39
46
50
41
60
32
61
40
74
40
52
48
35
44
41
31
46
72
42
37
60
28
47
67
66
41
62
56
55
37
51
36
66
66
57
79
50
51
32
38
47
72
33
36
68
30
45
55
53
49
59
50
52
84
45
64
43
62
71
51
37
43
46
41
48
44
59
62
54
69
31
50
42
42
80
45
35
84
34
42
46
48
76
47
44
53
54
77
65
59
41
48
49
45
45
38
73
69
37
41
48
61
45
57
47
59
32
64
40
52
75
70
64
54
51
78
54
26
51
39
56
39
56
41
36
68
46
51
39
83
57
58
54
43
39
45
41
54
64
66
31
55
55
41
74
55
46
41
33
43
82
52
46
51
66
33
52
28
44
63
68
48
24
58
50
54
69
51
48
55
42
47
34
57
44
49
41
65
49
51
64
56
28
58
49
64
54
64
48
48
45
58
46
63
64
40
45
27
50
58
56
69
40
46
56
56
52
45
52
66
49
52
51
40
77
43
67
73
40
47
59
62
57
39
42
68
32
31
53
53
50
51
53
54
59
61
80
74
43
39
52
52
54
46
40
60
66
40
53
30
52
48
49
47
57
53
39
64
35
41
48
48
63
25
42
44
37
53
33
56
48
68
56
57
52
63
60
75
55
34
51
53
54
52
60
84
40
53
43
46
57
66
69
47
62
61
39
40
44
52
40
49
30
35
69
72
89
39
37
54
49
51
60
57
43
40
45
53
45
41
29
57
70
53
50
50
51
54
51
60
50
26
41
46
72
93
72
66
44
82
55
37
59
39
41
59
49
76
44
45
76
58
33
68
38
48
114
73
44
57
50
57
52
62
34
45
58
52
57
46
44
39
39
53
32
39
33
52
51
44
74
46
60
33
44
47
50
64
40
45
63
61
35
54
38
59
32
68
38
43
48
44
68
46
43
43
37
45
49
47
30
53
52
46
61
29
29
38
78
57
48
93
47
46
25
42
71
41
39
43
54
37
23
65
57
47
52
66
42
53
48
65
29
40
50
43
50
91
50
60
56
58
59
58
66
42
74
41
38
52
53
59
25
80
44
44
42
48
78
35
52
45
45
46
57
51
57
54
58
47
46
54
50
55
44
36
41
42
49
43
68
59
48
37
54
53
55
30
51
35
37
37
48
35
64
35
34
54
74
68
84
37
54
52
57
43
46
57
38
78
43
50
74
55
53
53
52
34
30
38
43
40
33
50
48
52
43
40
56
34
41
32
37
57
63
51
58
21
52
58
50
58
29
50
28
46
48
69
37
60
59
57
47
36
42
43
65
54
44
54
42
40
47
27
53
34
59
49
34
30
37
54
75
63
48
24
62
40
57
53
54
59
47
65
36
83
49
48
45
53
46
63
52
44
47
67
58
24
63
39
26
34
29
49
53
37
64
42
37
24
34
47
41
64
94
44
59
39
46
57
41
63
47
39
42
36
68
36
29
34
56
49
34
39
54
28
33
38
26
45
44
30
29
55
35
39
41
42
27
38
44
23
17
53
39
38
68
32
38
10
24
42
31
47
34
34
47
23
37
33
17
31
45
36
44
33
26
25
42
33
36
30
19
23
28
21
30
25
26
41
32
23
66
34
27
33
18
28
16
28
30
33
25
36
14
24
40
32
25
32
24
23
16
10
34
13
18
17
28
29
9
26
22
36
19
41
15
30
13
26
31
31
21
22
16
41
22
34
26
34
23
21
27
28
24
16
29
14
24
19
31
25
26
29
21
28
49
10
13
12
8
10
34
42
21
22
17
15
19
19
12
10
11
10
15
12
17
14
40
17
22
11
15
9
29
15
22
18
32
16
15
16
9
12
25
11
5
28
22
8
25
5
10
28
10
21
11
15
8
17
6
20
17
6
13
4
5
16
13
3
6
8
9
39
4
7
24
13
9
21
17
8
12
12
17
10
6
11
26
28
15
8
16
11
18
6
5
13
12
13
29
8
6
1
10
11
7
16
7
15
6
9
6
10
6
7
6
15
8
7
14
7
6
8
9
30
6
3
11
2
30
9
10
12
8
15
19
8
30
9
3
6
5
6
2
6
31
5
7
2
6
8
18
5
6
7
20
11
6
9
2
33
13
7
12
4
12
14
17
1
5
11
3
2
6
4
2
11
5
9
16
4
8
3
11
13
9
20
6
18
10
12
2
13
20
15
1
7
14
7
2
5
3
10
3
4
8
13
2
5
13
2
14
11
4
10
2
8
2
23
4
2
5
7
8
9
5
5
11
5
8
8
11
3
11
3
17
4
12
4
8
8
5
4
4
4
5
6
14
5
5
11
6
0
19
7
7
2
2
19
22
7
5
15
17
2
23
2
6
14
5
6
0
3
2
14
7
6
12
7
5
6
7
7
3
10
12
15
15
5
9
17
9
8
16
4
9
9
12
22
17
8
19
8
10
12
12
2
4
4
4
8
4
13
14
9
8
18
15
9
7
9
17
3
10
24
12
8
17
20
13
12
9
9
16
15
8
21
12
14
13
11
13
5
13
18
15
18
11
10
11
16
16
9
16
15
13
27
12
16
18
11
14
8
11
15
23
9
10
41
11
14
16
10
13
7
10
7
15
23
27
27
6
14
13
21
13
15
20
28
22
10
14
18
29
17
13
15
26
17
18
25
22
12
19
26
27
20
51
29
25
13
29
9
27
17
30
19
24
11
28
42
21
32
14
34
29
17
11
35
20
35
35
27
19
42
26
29
28
24
44
20
20
33
43
34
29
29
39
60
19
32
27
47
35
32
25
35
53
24
30
55
35
60
21
32
43
20
27
37
28
18
40
14
22
50
38
48
33
61
34
41
41
36
24
48
25
59
40
42
34
41
29
34
39
33
54
51
40
48
52
42
50
42
35
58
34
50
43
59
48
66
39
54
51
52
47
50
49
44
42
49
33
46
53
36
109
74
43
52
42
56
64
61
41
74
54
30
32
28
24
78
63
32
57
45
54
70
56
49
51
52
57
60
77
39
42
61
52
93
77
43
49
65
41
34
49
64
34
64
55
42
58
47
70
63
61
69
75
41
65
42
71
42
38
70
64
86
88
42
55
80
54
78
75
61
61
49
77
62
88
59
75
54
71
42
64
92
64
49
48
61
74
65
69
65
55
42
65
42
63
49
89
49
67
66
35
58
56
60
73
68
56
57
60
62
71
72
73
74
84
56
72
54
42
71
72
50
71
84
50
57
91
57
59
97
53
84
76
75
90
60
68
64
46
59
69
63
51
51
41
52
89
47
74
74
54
56
57
71
75
42
75
56
70
98
52
82
55
55
76
68
49
64
52
97
50
58
43
63
48
111
66
60
79
68
39
77
64
69
67
56
62
51
62
35
59
58
65
94
79
83
69
90
102
55
45
44
42
69
47
73
69
57
40
42
47
43
47
48
89
48
44
66
43
63
54
34
68
62
92
65
60
50
70
59
67
55
62
38
71
63
71
53
57
72
127
40
49
42
42
49
59
65
88
81
44
56
76
73
58
50
67
27
70
56
76
45
68
68
77
54
50
58
45
78
62
57
80
63
70
97
58
64
60
76
71
56
70
57
63
38
43
55
41
44
47
71
33
62
56
48
55
50
58
74
44
78
66
96
67
79
57
70
52
48
93
70
80
59
56
57
65
64
36
46
48
54
44
63
66
76
43
51
43
73
51
78
50
77
61
89
40
66
84
66
57
69
52
49
50
55
31
63
48
56
86
54
51
74
51
64
57
52
54
56
68
67
76
73
70
53
43
60
43
57
68
45
54
68
30
62
48
72
56
66
65
41
49
30
54
44
68
44
68
45
52
46
69
61
48
62
73
24
54
60
60
56
76
68
60
71
61
55
101
55
36
48
54
73
40
33
41
40
68
43
41
81
64
66
45
87
54
60
61
73
56
60
62
44
62
58
57
72
55
50
55
56
31
51
63
42
39
44
63
49
66
74
77
49
58
60
64
70
67
52
40
35
58
96
54
53
51
73
49
61
43
81
56
38
71
51
52
42
56
84
50
47
53
52
60
65
60
58
49
60
43
48
75
45
45
50
45
28
27
63
46
47
40
48
41
54
44
47
67
57
67
55
54
36
47
40
60
46
54
34
50
53
55
69
40
45
46
66
33
39
41
67
36
56
37
36
57
39
36
48
57
64
38
25
61
38
59
43
43
59
62
36
50
41
50
74
54
44
66
43
39
48
50
52
34
51
54
40
49
50
60
49
48
51
53
36
44
34
83
48
68
72
46
33
41
39
50
66
48
47
35
55
59
58
30
95
38
46
49
34
44
60
54
46
62
77
52
68
45
89
49
56
46
55
54
52
55
66
35
48
46
57
40
53
47
58
56
55
38
35
55
49
55
47
61
41
36
52
51
64
35
57
46
54
55
67
39
57
39
47
51
54
52
56
60
60
56
49
32
57
36
58
43
65
34
52
50
52
45
46
49
37
64
52
71
64
35
62
42
41
47
50
56
36
67
54
84
22
50
47
36
70
60
43
60
55
42
48
54
43
75
70
48
43
62
32
50
53
48
46
46
43
77
47
50
54
63
44
53
59
44
49
34
49
37
74
25
41
43
111
40
70
42
68
43
52
54
38
48
54
26
58
37
87
38
42
47
159
42
54
31
41
67
30
40
43
29
36
45
51
57
50
47
55
43
33
52
31
42
66
24
42
60
48
39
42
36
34
31
44
31
47
29
29
68
33
64
69
73
48
45
43
36
39
33
56
44
42
29
35
27
31
31
45
37
36
32
42
53
45
34
53
50
129
36
46
40
39
33
55
37
41
37
43
36
28
34
26
50
41
46
31
33
26
31
23
44
55
25
29
48
57
23
22
31
32
28
29
36
33
42
50
51
36
38
32
11
32
40
16
28
41
57
45
27
20
27
31
27
19
22
41
32
33
50
40
27
19
21
47
16
34
32
27
32
15
17
34
23
23
35
20
30
40
25
34
26
33
25
21
31
27
35
23
27
14
32
24
22
23
28
13
26
13
24
12
21
20
20
12
11
22
9
11
32
27
27
17
39
30
24
24
11
21
25
15
28
10
25
37
32
25
22
14
15
14
21
20
22
19
28
8
15
13
9
9
5
32
16
17
12
18
11
16
18
22
18
16
20
16
7
10
14
41
12
9
14
10
9
13
14
13
14
5
17
3
21
10
13
12
10
9
11
3
7
26
9
5
11
10
30
10
31
15
11
4
12
14
10
13
7
10
20
7
8
6
20
9
15
4
3
7
5
5
9
11
9
12
16
10
8
2
19
10
12
22
1
16
9
3
10
16
18
3
5
20
7
5
10
10
2
10
10
28
7
15
5
7
6
7
5
16
7
5
7
6
33
3
0
8
6
2
7
7
10
6
2
3
8
8
5
17
9
9
2
14
2
9
10
6
5
17
5
3
2
4
15
2
11
17
7
2
9
7
6
4
18
5
2
6
8
21
3
10
8
2
3
19
5
5
7
5
4
2
11
4
9
5
6
9
6
4
2
3
3
4
2
3
7
1
6
6
3
4
11
8
8
7
5
2
8
8
3
9
13
10
4
12
1
16
3
17
2
10
8
6
12
16
7
6
2
2
11
2
6
4
2
8
4
7
2
17
11
4
7
7
4
3
0
8
3
3
10
10
2
5
5
15
5
8
3
3
11
10
2
0
8
1
8
4
4
7
2
4
4
3
27
3
4
5
4
8
13
32
40
5
11
22
13
2
18
16
12
5
12
7
4
12
18
16
23
3
12
18
12
12
4
6
10
3
18
19
21
33
8
28
8
14
28
14
9
25
13
15
8
9
14
14
13
19
24
13
12
15
23
13
23
20
21
10
12
13
9
12
14
19
22
13
12
17
36
24
12
10
20
21
40
18
29
13
28
11
17
17
16
29
21
24
32
16
15
30
19
17
25
14
29
11
14
25
32
15
21
16
28
32
28
17
21
23
19
26
24
26
20
19
19
32
36
23
33
28
21
11
18
25
34
29
31
21
24
22
26
24
21
20
33
18
44
22
30
60
31
29
24
37
23
20
35
47
39
35
31
29
30
45
34
31
33
59
27
39
42
36
32
36
26
29
26
44
31
30
45
35
40
46
63
58
33
28
43
48
78
34
52
52
34
34
22
39
51
34
60
48
34
62
46
34
38
36
29
60
32
53
50
33
37
40
60
53
42
40
58
63
48
50
60
59
30
51
47
47
43
50
42
37
77
61
25
74
51
41
34
30
25
80
32
35
30
67
62
43
57
56
47
60
53
65
27
44
36
59
73
37
43
49
66
41
45
87
41
55
78
57
49
49
74
63
43
54
76
43
54
62
61
48
67
78
60
62
57
79
46
50
60
52
73
65
62
39
51
28
36
79
50
61
39
56
34
55
66
56
61
57
65
54
52
53
65
56
82
73
48
44
51
49
55
54
83
81
51
48
70
57
73
73
75
50
79
37
75
126
85
65
41
57
53
55
83
51
52
81
41
73
103
74
54
66
60
49
105
90
54
51
75
60
82
70
102
40
65
71
60
50
60
47
60
74
76
66
53
74
67
69
63
55
52
53
55
37
60
70
52
63
44
65
69
57
123
49
72
73
73
68
29
42
64
73
64
55
51
70
59
66
88
55
87
69
65
56
60
112
38
53
92
57
99
42
71
70
42
51
55
54
68
36
63
72
86
61
98
47
61
61
63
57
53
65
59
97
38
65
49
44
42
116
45
52
53
51
42
69
47
89
81
68
85
53
66
48
60
96
66
69
60
81
58
77
41
48
66
47
86
74
48
61
99
53
48
77
67
101
67
55
38
70
78
80
62
47
40
54
43
70
42
53
54
44
42
58
49
61
56
38
87
54
73
60
77
67
60
48
61
49
56
38
64
57
47
68
55
79
52
48
58
52
63
67
65
66
55
80
54
75
88
47
67
71
47
69
73
60
82
92
55
46
45
56
58
60
41
64
46
43
64
46
45
65
49
70
72
48
38
47
54
65
63
54
39
74
51
35
71
52
69
46
50
73
34
72
67
72
60
66
67
42
45
45
39
55
71
48
56
46
64
80
70
48
49
59
51
76
51
55
46
46
44
37
49
40
41
78
47
57
66
82
72
55
41
43
65
40
50
49
32
54
38
64
51
60
57
181
59
43
117
33
40
43
60
25
89
58
32
56
51
76
41
61
73
47
48
22
57
58
46
36
68
42
81
29
49
45
51
63
41
87
58
49
51
52
30
54
63
87
58
47
52
98
44
48
44
47
32
62
59
49
32
39
50
43
63
63
48
50
95
52
33
53
39
46
35
55
52
64
67
83
47
33
39
45
35
52
60
56
45
48
52
43
50
33
41
33
37
51
36
31
34
36
52
31
51
28
46
33
55
49
51
42
28
38
56
39
54
71
52
52
50
38
93
30
31
33
28
41
48
51
47
66
61
39
29
47
61
32
46
39
48
35
60
42
37
51
53
45
71
35
51
63
39
56
54
50
49
54
35
61
30
19
42
37
26
21
44
37
44
49
46
36
42
41
39
32
42
50
43
45
77
37
48
34
42
42
53
41
58
64
25
46
39
33
44
60
46
44
48
34
37
62
37
45
42
52
36
63
46
47
37
63
45
46
67
39
39
42
39
42
60
53
32
33
41
42
22
43
71
42
46
30
41
41
50
60
64
47
39
78
52
43
38
36
47
34
47
78
44
50
47
55
43
42
49
36
63
35
36
48
55
46
38
33
41
34
58
45
51
49
51
33
40
51
36
63
57
39
44
73
52
75
44
53
61
44
38
48
41
72
48
47
55
43
56
64
35
43
40
59
43
39
42
36
41
46
33
45
47
47
43
50
52
36
30
37
35
87
38
36
37
58
30
39
46
54
38
53
27
58
59
44
44
48
44
48
66
57
56
45
68
80
52
42
51
38
31
38
30
48
38
54
54
47
38
61
53
53
60
67
35
43
40
49
62
62
76
58
48
24
38
45
50
36
39
77
39
46
40
24
39
36
33
37
40
45
35
46
39
46
46
40
35
44
45
39
34
32
41
56
45
46
45
34
54
42
28
35
44
43
62
33
54
56
32
36
58
34
32
57
30
37
48
49
55
43
26
40
64
52
35
43
35
39
39
41
25
38
44
47
31
35
50
48
21
50
31
17
31
36
27
18
64
24
23
24
28
53
25
30
19
56
22
22
17
29
30
29
23
22
29
17
16
26
27
24
26
24
18
22
32
40
38
34
17
17
34
53
18
32
35
24
21
32
34
19
23
29
34
16
14
20
11
12
22
40
23
11
11
29
32
20
31
26
30
24
19
26
19
18
41
25
23
27
18
11
9
26
19
25
18
26
19
13
33
14
20
11
12
6
21
14
9
13
15
26
3
14
13
19
18
15
30
7
12
10
22
14
13
21
33
16
17
18
13
29
8
4
8
17
11
22
10
21
20
11
14
12
14
17
25
3
14
20
11
11
12
11
15
15
9
23
28
6
34
7
10
48
6
8
13
14
12
22
8
18
11
17
12
9
13
22
16
7
16
13
17
7
17
12
10
2
18
14
12
4
5
2
18
3
5
6
11
8
13
10
9
10
11
16
16
11
20
17
2
23
6
5
14
6
5
14
9
1
3
6
6
4
2
5
7
13
7
4
12
26
12
7
11
3
11
3
10
17
16
13
8
12
5
17
11
11
11
19
10
1
6
2
8
13
8
14
7
6
13
0
4
2
6
5
5
2
19
27
7
3
11
4
15
8
4
13
0
1
9
30
5
5
27
9
3
2
15
8
16
6
3
4
4
8
10
7
7
10
6
7
15
12
20
11
10
14
7
1
4
4
12
2
7
10
9
4
11
2
25
8
10
4
2
13
2
10
8
6
4
3
14
6
14
5
24
6
29
10
5
5
4
16
3
4
4
10
6
15
14
12
5
13
3
3
10
4
4
6
11
5
16
6
4
19
4
21
10
24
8
6
8
18
6
16
5
16
13
9
11
9
13
12
12
11
19
14
10
46
7
17
21
25
24
9
16
17
15
14
16
11
9
10
9
29
27
9
13
24
8
9
11
13
7
15
19
20
11
14
10
8
16
23
28
28
22
31
19
14
14
18
15
14
20
18
13
16
19
22
14
24
29
14
18
26
24
16
21
13
22
26
32
5
16
34
14
14
32
25
31
24
14
25
24
16
31
20
34
22
27
21
20
18
25
15
32
18
11
22
38
28
29
24
43
18
31
32
24
34
27
10
38
37
34
28
34
21
19
49
48
36
40
24
44
15
20
30
39
61
19
29
41
27
18
34
24
24
26
23
35
39
31
34
53
46
32
26
25
53
48
37
32
24
85
33
28
19
49
38
26
41
33
40
46
42
30
49
34
29
48
65
35
37
32
41
31
65
33
52
45
35
45
49
42
51
34
46
70
62
78
42
72
71
47
61
40
37
46
54
27
47
43
59
60
58
47
54
52
35
58
42
52
71
59
64
45
67
67
53
67
52
60
49
42
50
66
50
55
80
32
61
45
42
31
55
52
39
43
46
57
63
58
42
69
52
39
64
51
58
58
58
53
68
88
37
58
53
63
64
59
77
69
58
49
55
89
64
45
62
57
79
51
35
85
33
64
47
39
51
95
81
45
56
64
76
57
40
53
65
62
44
54
43
49
67
107
60
69
83
65
67
49
49
69
89
44
56
62
67
97
78
83
69
74
66
69
48
65
54
85
67
61
55
46
90
33
64
54
50
55
71
55
89
54
52
72
53
75
61
85
77
80
46
54
76
52
71
30
55
51
72
47
73
48
54
73
68
61
50
54
44
72
37
44
40
58
46
59
99
50
61
67
66
59
80
76
48
54
62
65
47
65
69
59
79
61
54
68
64
58
59
54
49
60
72
66
63
78
58
77
63
59
69
70
58
72
88
67
62
62
71
40
76
86
57
75
71
57
51
96
51
50
81
55
40
96
35
73
84
55
52
55
80
48
79
62
55
67
86
66
65
79
45
73
72
62
71
63
75
62
58
51
81
44
74
66
78
36
64
57
48
88
65
51
71
53
63
65
71
52
64
93
56
58
63
77
70
55
47
50
67
51
35
99
59
87
80
58
63
60
59
85
51
77
87
55
67
58
83
49
37
44
74
117
65
58
57
68
57
55
61
54
64
52
76
59
59
53
89
60
71
59
66
70
55
60
57
63
62
69
93
91
65
58
52
66
59
59
50
74
61
63
41
71
47
54
69
37
49
72
43
74
61
73
63
57
70
72
63
54
70
64
36
75
61
69
54
73
53
67
47
37
53
53
62
62
39
74
56
58
79
92
57
43
77
52
57
66
72
49
71
52
78
58
57
51
56
101
59
88
58
65
53
73
92
67
82
73
65
30
55
63
54
47
90
43
64
44
40
49
73
41
50
49
59
48
61
58
43
38
34
46
55
73
56
73
56
31
40
35
51
54
46
93
68
41
52
48
49
146
58
59
38
58
54
60
51
55
57
82
58
42
53
85
56
59
55
51
51
54
60
42
53
46
65
57
54
44
64
52
35
34
39
48
44
33
38
60
48
48
41
53
60
32
38
51
55
73
67
37
42
61
59
69
36
31
59
30
50
65
31
21
43
34
65
57
34
42
61
35
25
40
31
41
35
53
45
69
48
39
33
47
39
40
35
32
31
48
38
21
35
39
45
32
48
61
46
28
38
31
35
37
66
47
35
79
41
33
45
44
52
35
51
47
39
75
47
46
38
34
55
30
42
26
28
31
45
37
30
41
22
43
47
60
27
37
25
51
27
29
48
24
33
59
38
36
37
47
53
65
32
50
40
35
41
40
52
65
61
67
30
41
35
41
36
36
38
36
31
30
32
45
37
72
65
46
41
57
50
42
82
41
40
40
33
49
63
41
40
42
51
46
31
57
34
39
42
38
31
41
52
65
56
73
36
36
27
53
43
46
33
29
41
31
38
36
53
42
32
56
24
55
55
34
42
47
37
50
37
48
46
65
19
44
46
36
49
51
33
48
29
36
86
40
51
32
25
43
40
33
37
44
42
32
31
54
56
47
27
52
38
28
28
47
55
45
35
42
34
32
49
27
22
42
48
47
61
38
42
52
48
42
47
41
27
53
45
61
62
20
58
30
29
33
32
45
47
51
25
32
32
29
45
35
44
39
45
32
51
44
40
48
31
49
21
48
27
41
42
55
56
34
47
63
35
48
40
36
46
26
44
34
48
60
42
35
47
43
44
30
55
46
41
55
27
34
39
46
43
36
40
36
39
30
31
32
40
39
24
36
24
32
33
37
31
38
32
54
40
44
28
48
41
43
49
40
57
43
25
29
54
43
52
38
44
41
53
32
41
21
18
51
29
36
40
25
40
29
29
34
27
33
22
29
44
31
45
18
31
18
32
53
32
28
21
18
20
32
23
18
29
28
37
30
22
28
21
30
30
26
23
22
29
23
18
22
21
26
25
47
31
41
15
30
27
34
31
20
32
23
20
36
32
21
24
25
16
19
24
19
23
37
24
43
30
27
22
26
14
60
22
8
15
61
19
20
16
33
32
18
55
17
20
36
29
22
14
11
18
27
12
13
12
22
6
12
20
16
16
11
27
18
14
10
13
22
8
16
13
10
14
17
9
13
16
31
15
8
11
17
12
20
26
23
9
10
26
15
17
35
11
3
31
19
13
10
11
3
17
9
18
15
9
9
16
18
20
19
19
18
6
6
15
8
14
10
7
16
14
5
27
20
7
14
8
29
9
5
9
17
13
3
27
6
6
5
16
17
16
4
13
9
7
7
8
13
17
9
12
2
4
22
12
15
6
7
13
9
9
4
8
9
5
10
7
6
7
23
10
8
5
4
11
1
7
1
6
42
18
12
4
17
8
11
6
2
4
19
9
4
8
9
12
6
16
24
6
3
5
6
4
1
10
7
15
2
17
9
6
10
7
10
4
8
4
4
4
5
11
5
8
11
9
7
8
4
25
3
9
5
5
4
4
6
3
4
5
7
10
3
4
1
5
1
2
5
8
2
6
4
1
12
1
11
5
5
4
8
6
10
14
5
9
10
6
4
4
10
4
6
16
9
7
7
5
0
10
6
7
4
9
5
8
13
6
4
9
20
8
6
8
12
7
2
32
6
7
18
3
7
3
4
21
4
15
13
16
12
16
10
15
3
2
2
3
10
13
21
7
4
6
8
5
6
5
2
23
11
17
4
8
9
5
4
7
10
10
29
18
13
9
4
3
8
6
4
4
18
7
5
4
4
11
16
26
5
17
6
11
20
6
21
15
9
6
4
8
6
5
4
19
23
7
11
8
25
22
10
20
16
20
13
11
11
29
2
11
7
4
17
13
20
24
13
13
14
10
15
9
16
5
22
16
15
31
14
17
22
10
8
15
10
10
20
16
33
30
23
16
50
23
17
18
15
17
20
13
20
31
15
29
7
12
22
11
18
19
70
23
10
21
17
31
30
17
13
49
15
21
36
30
13
34
33
43
17
29
51
22
14
23
24
22
14
52
28
23
21
27
49
33
37
30
29
38
30
27
46
34
70
29
24
35
48
26
17
25
44
34
26
22
44
29
20
30
37
54
54
10
31
38
59
16
38
33
28
39
27
34
32
38
44
44
40
60
33
66
40
27
44
30
48
82
49
50
42
31
36
29
28
47
37
49
40
38
146
40
29
29
41
52
55
27
40
60
61
42
42
46
70
49
60
52
36
59
47
41
45
44
65
36
37
48
40
52
50
54
61
78
50
45
67
55
49
51
40
36
45
40
39
33
58
33
62
83
63
74
64
51
58
33
67
47
61
49
66
59
58
48
114
69
47
68
69
54
44
31
33
46
31
80
73
59
70
77
52
45
58
49
46
48
104
61
75
57
68
67
94
42
71
41
81
60
58
78
63
64
61
31
53
43
45
77
67
64
43
72
62
62
67
60
72
71
73
65
45
72
71
63
44
59
57
42
85
93
43
72
56
30
67
45
50
61
46
87
64
62
61
65
71
59
75
59
49
73
67
30
52
72
47
57
42
76
60
81
62
64
39
48
68
59
54
62
54
58
47
67
70
51
62
75
47
57
58
93
51
65
84
68
112
69
75
89
66
52
115
56
44
42
73
60
89
75
65
80
71
72
47
70
60
52
54
47
74
64
79
84
44
63
46
63
71
61
67
46
94
45
80
53
46
73
80
85
73
47
52
47
50
59
47
76
52
66
53
49
66
79
77
65
81
49
55
57
68
62
57
67
89
50
55
61
54
66
72
62
58
40
78
36
50
58
53
58
64
98
42
52
53
51
54
50
49
56
76
57
67
96
60
67
69
49
88
66
53
80
62
48
52
39
46
56
61
59
67
75
36
65
70
68
71
74
71
60
57
72
50
66
73
55
109
51
75
70
58
67
65
40
61
66
94
33
76
43
48
113
45
69
64
74
66
45
68
56
57
56
48
51
59
66
113
62
75
64
54
60
59
84
64
60
59
76
69
43
53
78
27
66
59
58
72
59
92
56
58
87
60
45
51
49
28
55
72
66
51
63
51
44
50
48
61
60
67
49
47
64
43
41
59
72
38
50
30
34
47
59
76
48
54
84
48
57
79
50
75
63
43
51
57
41
47
47
44
37
31
61
44
70
60
50
48
40
37
47
38
52
39
72
56
41
36
57
49
29
86
58
58
42
41
62
55
36
65
67
58
41
29
40
52
62
59
32
48
50
81
62
39
54
48
42
36
48
40
47
36
61
47
51
43
61
41
59
56
35
30
58
42
28
55
66
29
57
48
30
30
39
74
37
53
77
48
65
40
67
44
38
44
27
42
29
54
43
60
37
48
35
42
42
44
38
39
44
49
40
40
62
54
63
39
45
37
65
59
54
41
42
32
29
46
56
44
26
64
50
45
34
35
58
35
101
34
43
57
41
39
31
38
57
38
37
41
54
38
48
33
35
42
38
46
45
44
38
36
21
46
36
35
52
24
35
47
50
40
41
33
34
20
44
37
61
27
43
53
40
28
74
42
28
40
26
27
83
45
47
39
42
47
57
49
46
53
44
36
40
38
45
47
30
45
41
27
29
38
30
24
40
22
31
37
33
37
48
32
40
29
29
31
40
27
29
41
33
36
15
52
36
25
25
31
54
65
36
53
28
52
34
45
52
44
45
20
57
39
41
41
61
48
23
45
30
30
54
42
35
42
32
55
20
40
52
24
38
41
68
46
25
31
27
33
46
27
40
31
72
29
30
35
44
66
42
34
38
28
36
39
60
40
39
30
54
56
30
34
33
34
38
40
25
30
49
48
53
35
50
28
51
39
20
33
26
40
53
39
34
38
35
29
35
46
39
29
32
47
24
41
26
44
48
28
46
31
38
32
25
43
32
31
26
29
31
22
29
27
37
48
33
19
28
24
25
45
35
31
22
39
21
18
53
23
34
27
29
24
27
34
19
31
39
34
23
30
33
22
43
48
34
45
24
24
26
24
26
37
37
19
33
32
35
31
24
33
27
41
26
20
27
34
21
17
29
41
28
28
56
20
41
29
33
31
21
32
20
29
28
38
10
26
34
38
36
24
36
24
15
18
37
33
23
33
26
37
18
25
18
35
37
19
42
57
34
30
20
24
29
26
31
35
20
31
34
20
23
26
28
36
25
15
41
20
33
32
22
31
31
27
36
25
26
27
31
16
21
26
19
40
23
17
25
9
14
23
35
30
19
23
22
34
28
25
17
23
28
15
43
12
35
16
15
16
21
8
21
18
30
11
13
12
14
10
31
14
7
15
27
13
39
26
19
17
16
20
16
33
14
14
22
26
18
18
11
26
9
10
20
5
18
15
9
12
11
6
13
8
8
20
17
9
6
13
14
15
13
13
20
9
4
11
27
14
12
18
4
15
17
16
7
30
5
19
11
24
19
28
17
15
9
14
6
2
12
10
31
11
6
17
8
22
7
9
5
4
10
17
9
7
16
4
24
27
12
12
16
17
7
14
22
3
9
10
6
12
12
23
9
33
12
9
13
12
8
6
11
8
7
7
6
3
14
4
4
8
14
11
7
8
20
8
14
13
12
9
7
5
5
11
5
3
10
5
3
9
5
12
10
2
14
5
8
5
5
6
6
9
5
7
3
2
6
5
3
5
3
1
12
6
6
0
3
7
5
5
14
8
4
5
4
8
13
15
6
8
1
2
3
7
5
10
3
3
20
5
1
9
14
5
2
2
6
3
8
2
6
4
15
8
1
8
4
7
7
3
1
5
5
28
1
6
7
3
11
4
2
4
9
15
3
6
3
9
3
1
6
3
6
9
5
5
4
6
8
6
3
3
26
12
3
6
5
2
4
4
5
3
4
12
7
7
4
4
7
3
7
1
26
6
10
1
8
9
7
8
4
0
3
10
1
0
3
9
6
11
2
4
12
1
11
3
3
3
2
0
10
8
10
3
4
6
4
7
5
2
3
5
4
7
5
6
12
7
1
8
3
2
11
2
6
13
3
3
2
5
14
1
7
12
1
2
1
1
3
11
2
10
7
2
6
19
1
13
11
4
5
7
4
6
6
6
4
7
6
6
11
3
10
7
3
11
13
4
7
15
3
12
13
15
10
11
5
9
19
3
8
5
4
9
2
15
6
11
18
7
9
7
13
7
8
11
5
12
10
11
15
6
8
7
5
12
9
16
13
8
22
12
12
3
14
15
12
20
16
18
14
18
11
20
23
8
15
19
9
14
21
27
19
11
35
22
20
19
19
12
17
27
35
11
14
11
21
13
21
26
20
28
16
22
20
25
20
20
33
20
20
15
10
29
18
30
17
17
24
27
20
17
21
20
23
24
35
36
24
27
54
40
36
31
27
29
33
15
27
36
32
28
49
36
40
29
16
27
19
26
21
35
51
32
28
33
28
44
18
26
35
28
26
43
33
44
44
46
28
40
41
16
37
33
55
38
36
28
34
22
44
40
50
46
47
27
28
43
25
51
26
53
20
32
61
39
24
50
44
48
32
43
31
20
45
41
36
37
59
41
71
21
36
39
56
45
43
46
39
46
37
57
73
43
43
58
37
38
48
49
38
60
39
68
37
44
29
46
33
42
34
53
37
42
32
43
46
44
68
52
50
38
25
83
81
77
45
90
71
74
55
55
39
40
80
43
50
45
44
115
70
62
65
50
50
61
30
68
47
43
49
56
90
63
57
46
44
54
43
32
66
42
87
52
78
43
54
53
66
61
51
47
54
106
39
54
63
61
64
32
48
46
51
61
51
45
57
65
55
32
75
51
81
70
74
47
51
45
62
61
58
72
95
53
79
45
64
69
64
34
70
59
62
54
37
43
47
72
30
68
41
78
35
58
111
49
63
66
47
83
71
76
50
46
80
112
39
56
43
46
83
74
64
55
69
59
61
47
75
39
67
62
39
41
85
70
60
31
38
56
50
61
38
51
54
37
51
64
37
76
65
28
38
53
47
29
58
72
76
45
53
45
70
44
33
63
59
61
48
62
70
62
70
64
38
65
66
59
74
46
68
47
42
56
75
89
47
60
29
68
35
77
49
53
73
44
41
69
53
45
67
50
48
55
71
64
62
46
49
58
53
51
82
60
62
95
49
52
67
54
55
37
93
36
59
49
56
48
49
67
81
38
64
40
57
75
41
35
67
51
63
41
57
70
59
61
70
80
79
42
46
65
58
39
62
43
62
51
58
59
85
43
49
69
50
72
48
48
57
62
57
56
43
56
49
73
51
50
75
50
55
46
56
56
49
75
64
49
52
43
61
65
52
35
61
39
44
46
64
60
70
58
44
56
60
63
52
92
75
52
46
68
32
54
32
41
71
94
54
87
34
71
59
53
63
58
31
27
45
52
57
54
63
36
79
65
71
45
50
42
51
29
43
35
54
43
57
33
75
57
57
56
60
60
63
49
56
61
32
54
56
43
47
28
57
47
37
46
61
50
67
44
47
49
45
38
63
84
88
63
55
54
43
46
57
46
58
49
34
43
57
44
54
39
42
33
62
46
46
54
47
47
69
48
48
44
53
32
36
45
53
52
51
25
45
44
49
45
43
39
34
39
30
36
41
50
40
69
56
60
68
53
54
38
61
61
52
47
52
47
61
52
65
61
44
30
40
66
47
44
37
43
52
33
33
31
26
44
37
36
36
36
35
41
61
43
62
40
53
20
49
40
42
29
41
39
33
56
36
37
34
48
45
27
30
23
48
40
40
31
49
42
64
52
44
51
36
44
27
61
39
25
60
46
34
35
36
42
34
48
58
41
38
48
35
35
56
38
21
37
44
53
34
28
37
48
73
46
21
38
47
33
23
32
35
32
37
34
66
21
42
107
57
35
28
29
27
33
46
24
29
58
45
34
37
35
35
38
30
21
22
53
21
35
45
48
44
28
20
55
39
39
42
22
32
44
28
50
42
47
37
22
41
34
36
23
61
38
30
37
33
49
28
36
48
34
32
37
42
34
34
39
49
29
22
33
22
31
29
39
25
57
41
25
25
17
39
38
31
49
23
46
31
42
48
54
54
36
34
39
31
36
37
30
29
38
16
26
55
32
22
57
26
49
23
38
24
38
32
22
33
31
31
35
52
39
35
23
42
42
26
20
26
40
49
46
37
55
22
30
42
18
43
24
37
25
15
60
18
25
24
30
72
38
31
40
22
31
37
41
45
31
30
21
28
25
22
36
30
19
24
42
63
32
44
33
40
39
40
36
31
30
26
41
44
15
13
50
23
40
39
26
20
40
33
21
38
32
33
37
26
50
62
17
36
34
32
18
32
21
37
49
24
18
20
27
16
39
25
22
18
22
41
15
44
21
37
32
39
21
15
33
32
25
22
42
20
19
26
32
36
19
31
21
23
23
28
19
29
27
25
23
26
18
30
29
29
22
33
9
16
23
22
30
20
21
15
22
21
17
25
15
23
18
22
20
15
15
37
26
33
23
35
26
20
31
7
23
16
27
19
25
22
34
21
20
9
15
19
25
23
11
11
17
17
13
14
16
23
9
24
17
14
17
7
12
17
16
20
21
19
10
11
12
13
16
20
17
18
22
14
11
14
25
36
39
14
27
21
18
8
16
17
20
12
9
12
25
7
16
12
14
20
21
28
17
10
15
3
12
9
5
8
11
25
20
15
12
4
4
14
15
24
17
17
17
10
14
5
11
9
3
15
9
16
6
8
11
13
22
17
17
7
10
3
18
13
9
18
14
9
7
26
5
5
11
11
11
8
3
10
7
6
14
10
21
10
9
10
11
18
7
12
15
6
5
15
3
11
8
8
18
13
24
6
11
8
5
4
5
1
7
6
7
8
7
9
6
13
6
11
14
10
2
14
3
10
12
6
2
6
6
5
3
13
6
6
1
19
7
21
4
2
8
5
6
14
12
2
6
5
4
4
14
6
1
11
5
5
7
4
4
6
8
8
3
9
5
4
1
4
7
7
1
2
4
5
13
9
3
4
7
7
7
6
1
7
5
3
1
11
4
3
7
5
8
0
2
3
2
3
6
3
3
5
0
5
4
1
6
4
7
13
0
3
3
15
4
12
2
4
12
5
6
2
7
2
9
7
2
5
1
0
5
6
5
8
9
3
4
6
1
9
4
2
9
3
0
2
7
5
1
5
2
1
1
4
4
12
5
2
10
6
1
1
8
8
6
8
0
3
5
7
4
1
1
2
5
0
5
3
7
3
2
5
0
5
3
9
3
2
6
0
3
5
2
1
0
5
2
12
3
1
0
3
4
2
4
8
7
2
2
8
8
4
4
10
0
9
1
3
2
8
11
9
5
1
5
14
4
4
3
11
2
8
4
6
5
1
4
3
9
4
4
2
6
7
3
3
3
5
8
4
8
0
8
9
1
5
11
6
5
7
12
0
19
5
11
9
10
7
6
11
4
9
2
7
3
7
5
13
9
7
4
8
15
6
9
17
4
4
8
23
10
15
8
14
12
12
10
3
10
7
15
19
18
9
11
21
18
13
11
10
10
14
17
22
7
19
17
8
19
10
17
22
17
12
20
10
17
21
15
19
19
7
27
9
9
11
13
19
17
19
15
16
29
38
11
5
17
26
29
36
57
15
25
30
8
17
23
7
21
19
19
19
30
28
12
15
14
16
27
30
26
24
10
33
26
19
34
46
28
21
14
42
26
25
38
33
33
34
23
23
14
22
39
34
22
36
24
36
30
16
32
40
29
33
19
37
38
11
38
73
23
27
42
38
30
32
26
42
36
50
18
14
34
43
36
49
23
43
38
33
23
22
44
38
38
29
27
29
35
41
42
19
31
68
26
49
30
38
47
31
27
51
64
42
44
29
50
38
68
30
30
31
27
31
56
40
47
50
35
76
44
35
45
25
53
27
33
53
51
47
34
49
45
45
32
64
36
54
38
61
51
34
30
30
33
38
29
42
41
28
43
48
56
30
54
63
45
30
49
54
52
32
46
63
61
37
52
56
61
36
45
35
51
32
71
28
53
53
57
35
32
55
67
79
51
50
44
75
36
43
57
60
65
32
43
41
72
40
52
63
59
59
44
52
46
59
56
47
38
54
40
48
73
52
33
68
46
39
47
34
46
35
52
47
66
44
47
51
52
43
74
29
61
55
47
38
53
75
62
82
52
40
49
45
64
59
88
62
49
44
52
64
46
42
60
70
48
58
47
33
46
64
67
51
58
58
58
66
44
61
48
60
60
33
40
62
36
59
51
50
73
46
61
45
45
48
63
44
68
68
53
45
54
70
69
69
43
42
45
28
75
56
56
40
59
62
64
58
67
56
81
51
40
48
41
47
71
83
56
69
46
42
44
50
67
42
40
71
57
48
41
37
62
39
49
52
52
34
48
66
48
84
30
41
48
51
52
45
49
57
72
47
63
53
62
46
87
25
51
58
43
49
54
48
33
52
41
67
55
79
42
58
77
56
76
54
57
39
38
41
49
49
38
43
59
42
55
87
71
50
42
59
38
63
85
61
50
39
60
54
48
53
50
40
31
44
51
52
42
55
48
52
73
47
37
49
60
43
43
27
74
91
57
48
41
44
55
35
43
54
37
36
42
57
63
66
48
50
61
52
60
53
148
63
67
44
65
37
40
54
60
69
53
31
45
67
45
50
52
72
47
57
63
59
55
64
41
56
49
48
47
55
68
28
40
56
45
32
37
58
30
49
36
59
45
42
46
63
54
62
43
43
67
56
55
60
51
51
50
38
50
49
45
51
69
43
28
44
33
56
52
54
46
54
48
49
33
37
45
45
39
48
45
56
34
30
26
40
28
42
32
41
39
34
36
52
23
59
51
40
45
61
37
29
64
50
42
37
34
71
30
60
45
43
34
46
37
60
44
34
34
34
43
44
77
63
38
39
68
31
39
43
43
54
51
31
42
41
48
27
62
36
38
45
41
21
42
48
38
46
34
35
35
43
22
36
57
48
42
58
47
28
41
33
100
45
49
32
36
37
47
31
37
49
37
26
38
34
56
43
51
42
33
38
45
33
45
35
68
48
42
32
26
42
33
35
22
27
45
37
31
35
40
46
54
27
22
37
32
33
53
57
33
72
53
34
44
36
23
51
47
63
36
39
45
44
43
37
50
54
36
40
41
50
33
42
47
26
48
36
36
34
63
24
38
43
33
46
67
45
26
37
49
24
50
52
35
38
26
51
46
48
44
37
33
42
32
33
44
39
41
24
33
67
34
28
37
39
55
23
59
62
36
25
80
40
55
63
41
52
40
24
22
29
62
38
23
28
35
33
51
32
33
19
41
22
68
38
48
20
34
41
43
27
36
38
40
44
47
37
33
28
33
42
45
32
35
28
41
37
24
55
39
61
39
31
43
42
29
25
31
38
28
51
42
44
55
38
39
45
29
57
34
30
40
51
37
46
38
32
42
33
53
39
45
27
49
29
35
21
42
47
46
45
38
39
36
48
47
37
24
27
58
39
33
45
42
28
15
31
42
29
45
32
57
57
52
33
42
32
40
29
16
22
36
41
27
32
44
36
30
23
33
27
37
35
49
16
35
23
28
22
28
34
21
32
19
33
33
27
19
27
29
30
27
32
27
32
30
26
28
30
32
46
33
29
13
23
25
31
21
33
15
25
14
27
20
22
31
28
35
17
31
33
29
18
35
16
26
26
14
19
22
27
9
26
15
34
26
23
16
19
32
19
32
19
24
14
20
29
14
21
28
38
13
20
14
18
28
44
21
10
14
20
19
26
15
18
18
13
24
18
30
18
18
45
24
19
18
20
8
16
21
29
14
15
21
11
16
10
9
10
8
15
13
22
19
23
5
33
27
13
19
17
15
17
14
8
26
12
12
18
2
10
4
7
11
5
24
12
9
8
22
27
7
9
20
9
7
10
21
17
10
9
11
21
22
14
28
10
11
14
15
18
15
3
2
14
12
9
12
22
20
19
5
7
8
4
14
12
3
12
8
22
11
16
10
9
1
12
15
8
6
7
8
15
3
12
12
7
5
16
3
6
17
9
4
4
7
7
11
13
5
9
10
10
7
4
6
6
5
14
5
7
10
9
15
4
8
10
10
3
11
9
4
2
13
2
5
7
5
3
4
12
9
10
10
7
9
6
4
1
19
6
6
6
12
11
13
2
7
11
7
7
3
3
13
0
4
4
11
5
9
6
4
3
14
3
5
2
4
4
5
1
18
2
4
0
8
2
0
4
3
2
4
2
6
1
11
5
5
6
5
3
8
3
4
3
9
1
7
6
2
6
7
3
7
5
1
10
4
19
2
7
7
6
4
6
5
1
1
10
2
6
14
3
2
6
9
3
1
0
1
2
12
4
5
2
8
6
0
14
3
3
13
3
6
2
9
9
1
8
17
19
11
2
4
5
2
9
7
2
9
7
9
6
5
13
1
15
8
5
6
5
4
11
4
12
11
8
8
5
11
13
2
4
5
12
5
6
8
1
7
4
16
9
4
0
18
0
9
15
18
2
15
3
6
8
14
4
9
6
6
2
2
9
9
3
7
5
11
4
5
7
16
7
18
5
8
3
1
7
3
5
14
10
6
6
29
12
9
15
8
30
9
12
5
4
15
9
13
9
15
20
1
12
32
12
8
9
19
10
3
6
16
16
15
11
16
9
11
8
6
16
12
12
23
28
7
13
11
11
14
13
50
8
7
13
16
31
20
23
20
18
10
11
23
12
15
14
6
15
9
19
14
13
29
17
15
23
10
37
18
11
17
25
34
26
13
26
21
22
17
18
25
17
12
23
16
11
31
19
45
24
18
26
17
30
41
32
32
34
39
22
23
35
14
23
22
19
19
25
28
30
13
18
24
11
26
37
34
14
32
18
26
24
15
30
11
43
16
17
39
20
29
30
48
36
29
37
12
35
25
19
26
31
20
20
32
16
47
48
30
32
20
37
16
23
19
35
34
32
38
36
26
36
18
19
35
37
32
23
25
70
19
71
40
41
46
26
40
33
50
34
30
37
23
34
50
48
33
45
73
31
42
33
29
49
23
33
32
33
48
32
40
42
44
57
39
61
46
33
52
32
31
34
27
34
46
74
23
44
33
26
69
22
44
38
37
30
41
60
35
58
34
60
36
37
50
38
39
54
23
33
54
64
49
48
36
64
38
54
37
32
53
37
32
34
45
53
45
51
40
40
56
46
56
50
50
61
63
57
23
56
47
60
53
52
57
53
39
67
46
48
63
56
35
38
59
49
42
46
50
38
34
74
58
43
39
66
41
55
39
44
46
50
49
66
63
41
59
49
41
42
43
73
54
44
59
93
59
61
50
64
49
41
58
72
49
52
38
90
54
60
83
38
47
62
50
30
61
64
42
46
54
43
75
53
64
52
56
32
56
36
40
55
51
70
67
58
72
39
41
42
33
53
62
51
60
33
41
53
79
22
87
51
57
60
60
53
48
53
95
40
42
100
38
51
50
50
56
42
60
54
46
67
49
69
61
37
59
49
55
52
40
36
48
94
38
59
58
50
54
68
55
40
50
81
54
59
77
60
53
49
46
53
52
51
58
51
66
42
60
63
62
41
90
60
52
63
32
66
68
83
72
27
63
56
48
36
47
73
78
54
56
40
87
48
36
97
66
56
70
48
61
71
47
74
57
45
57
94
78
62
46
67
40
27
51
46
43
46
64
26
43
47
45
45
43
59
72
58
49
65
44
36
46
59
49
50
36
31
42
34
54
53
20
44
20
49
43
65
37
51
48
51
43
28
65
55
50
51
52
61
81
29
47
64
56
58
34
92
37
60
53
32
41
44
49
54
35
51
80
43
60
55
70
57
52
57
76
76
54
69
47
44
52
40
38
47
51
29
32
59
52
40
42
66
42
57
45
32
39
31
76
65
49
67
66
62
71
72
60
31
53
40
51
53
33
40
48
51
39
42
71
44
54
46
40
50
46
42
43
38
44
45
41
65
42
49
52
29
40
50
48
51
49
58
29
50
62
34
39
38
41
43
39
38
58
62
33
32
36
33
33
31
48
48
56
49
47
71
40
51
58
58
39
45
38
57
52
62
31
35
34
39
46
22
39
30
37
35
36
61
23
31
46
46
47
34
51
53
31
44
49
44
38
59
42
49
40
58
49
46
53
42
32
37
33
45
28
69
24
53
38
41
32
35
29
53
64
30
39
46
46
29
46
31
29
54
49
56
31
37
36
35
36
44
48
30
50
16
58
32
36
39
27
45
54
40
52
48
23
42
36
40
30
66
40
52
55
49
55
37
24
53
46
40
40
45
32
47
60
38
30
67
44
27
48
43
45
45
37
36
34
39
48
25
51
61
39
44
55
21
40
42
23
36
32
41
44
34
57
59
43
47
53
55
27
42
42
36
37
49
61
38
31
40
31
32
45
42
27
36
37
59
47
32
37
54
49
39
44
46
30
63
51
38
23
28
48
26
17
36
84
52
78
34
42
61
41
34
45
34
42
54
41
48
40
40
34
36
51
29
52
55
37
40
46
46
30
35
37
37
56
45
48
50
40
29
31
23
51
71
29
24
62
35
44
55
24
47
42
39
36
42
23
47
32
40
42
34
27
41
39
45
45
50
45
30
29
28
36
39
23
26
33
39
29
30
39
49
47
25
31
21
35
42
61
44
54
46
24
39
84
31
29
27
57
24
75
38
40
31
42
41
45
47
32
38
32
29
26
25
66
36
27
32
37
46
39
27
31
38
30
49
62
36
23
39
47
39
24
42
28
35
28
35
44
34
20
32
21
54
53
45
48
45
17
36
29
45
30
24
56
33
37
19
34
38
20
32
16
12
43
28
23
21
37
23
40
29
25
28
25
27
30
44
28
18
21
17
29
29
30
32
31
18
32
18
24
13
22
31
25
20
22
36
24
22
18
22
14
35
32
19
9
30
23
19
20
21
19
21
7
13
33
31
24
23
28
13
39
42
49
26
16
19
16
14
42
17
12
30
19
15
66
33
16
12
14
24
16
30
12
19
32
12
11
26
8
16
28
17
10
18
13
36
12
14
17
17
18
7
11
18
18
11
20
13
9
12
12
24
16
18
12
11
9
14
11
11
20
18
24
14
7
9
23
8
22
13
24
5
12
12
17
33
8
14
19
12
6
15
6
8
7
12
8
8
11
22
5
7
6
17
11
3
29
14
19
5
45
5
6
17
21
12
20
11
1
16
0
39
9
14
3
13
17
11
13
7
8
6
11
4
9
9
7
6
18
15
13
9
14
12
3
9
2
9
14
17
13
6
6
7
4
7
4
15
7
12
8
0
9
8
9
8
9
6
8
20
10
3
12
4
11
6
8
12
2
14
4
3
5
13
20
11
5
9
7
5
6
7
4
9
13
9
3
6
8
3
10
6
1
6
6
10
6
0
19
13
16
6
2
6
1
6
7
7
3
1
12
6
2
8
4
3
9
2
7
1
0
7
10
5
1
8
2
3
14
8
6
4
3
6
7
3
3
9
4
6
1
3
5
7
8
0
7
5
6
8
3
2
8
12
4
0
4
6
5
4
2
5
6
2
8
4
1
10
26
4
2
8
13
2
13
6
7
0
2
20
5
0
4
2
3
4
0
2
1
1
3
6
3
1
4
1
5
4
8
5
8
6
3
4
4
8
7
10
4
6
2
5
2
4
9
10
2
4
8
2
9
2
6
1
2
2
11
7
2
15
3
6
5
3
6
0
2
3
15
8
1
16
16
10
1
2
5
7
8
0
4
15
1
2
44
6
3
1
5
6
2
11
0
5
5
1
5
6
6
2
3
4
18
8
12
3
2
4
8
4
2
11
2
3
18
4
7
9
1
6
7
12
8
3
16
19
12
6
8
1
4
2
7
21
5
10
14
4
6
5
5
9
26
11
17
17
9
17
17
8
10
11
4
25
26
17
13
3
10
9
6
10
10
15
17
6
3
14
10
16
24
3
4
10
7
17
32
13
31
14
11
38
20
18
7
17
14
6
52
10
7
32
6
12
7
7
7
19
8
12
14
7
24
9
29
8
14
26
22
7
16
5
13
18
17
12
21
12
4
21
30
18
19
17
16
15
14
53
13
22
7
11
13
18
12
23
17
16
20
18
24
16
21
18
16
24
12
28
24
26
17
12
26
17
20
28
33
40
34
25
21
20
19
27
30
31
22
16
30
29
23
24
44
18
27
30
36
38
22
33
34
24
41
25
24
32
13
39
36
20
20
27
27
26
31
52
18
33
43
31
26
16
28
35
15
19
38
26
24
36
23
30
17
32
43
23
22
27
19
45
46
21
26
61
28
42
36
43
35
43
27
42
35
19
34
43
33
30
27
41
42
68
33
54
48
76
28
65
30
33
57
38
34
30
40
40
31
19
39
45
44
45
41
47
28
42
40
29
59
43
38
45
33
57
44
26
40
54
36
25
55
32
39
59
30
39
43
49
38
47
52
47
38
44
29
45
63
34
45
60
34
56
39
49
46
34
29
27
39
45
46
20
42
44
64
48
58
36
37
41
62
55
43
62
23
49
52
38
43
49
47
23
37
39
47
50
50
54
82
58
40
63
50
40
46
68
52
33
49
58
41
52
37
41
43
36
47
86
48
44
70
45
49
38
47
25
35
40
35
46
56
60
49
39
45
51
28
45
38
37
56
35
47
39
40
50
38
33
33
27
48
44
70
84
42
60
45
33
44
67
35
39
65
36
32
36
48
66
48
27
50
40
76
47
47
42
53
40
46
20
66
55
50
42
57
38
45
63
40
31
50
51
45
46
52
71
53
87
58
35
57
60
30
50
32
55
57
35
57
118
40
64
49
53
24
70
49
21
56
52
43
62
34
36
53
41
28
43
41
70
42
35
26
36
55
56
42
54
40
38
44
58
74
27
37
49
34
32
53
62
26
43
51
44
65
43
50
37
39
49
30
66
38
50
44
51
52
55
40
42
43
51
70
61
37
35
31
48
38
49
49
46
70
50
50
42
45
42
56
39
41
28
26
29
69
60
56
66
49
35
56
61
54
28
58
48
42
38
43
79
52
29
26
51
72
59
34
45
36
42
36
29
48
34
35
59
40
37
35
41
71
55
87
52
30
51
31
47
28
50
26
50
40
44
35
65
59
43
32
38
34
38
48
66
31
35
41
39
35
43
57
44
38
36
63
37
50
36
39
69
33
48
40
47
44
33
45
61
47
40
44
53
46
30
31
40
33
49
60
36
23
42
45
48
59
33
33
35
25
57
37
26
35
46
39
53
53
55
45
39
46
34
40
24
28
30
39
48
34
49
28
22
25
36
24
20
37
38
33
41
33
37
52
66
41
74
27
29
37
29
34
43
46
24
27
38
21
20
26
31
53
23
23
29
34
54
30
43
47
52
62
25
47
51
28
51
27
41
40
49
23
37
39
25
44
45
20
29
34
31
29
49
76
26
44
50
33
21
37
45
51
25
27
56
28
41
27
30
37
24
48
42
35
21
36
38
25
28
41
47
24
29
40
28
36
95
40
35
56
39
32
23
46
38
30
42
34
50
33
23
42
45
50
42
55
39
27
20
32
50
70
39
24
43
56
33
53
36
24
40
54
35
31
17
28
48
33
40
33
39
20
20
34
30
37
28
59
22
54
31
32
36
37
30
46
20
33
31
38
27
41
45
49
37
23
34
39
30
27
39
30
31
40
23
21
26
21
33
34
24
43
29
29
56
34
57
30
27
49
47
38
39
42
50
30
50
53
30
22
32
35
40
27
38
59
102
36
47
13
45
34
47
30
35
31
40
47
36
30
41
41
35
36
39
34
24
26
22
29
15
41
32
32
46
24
30
19
56
46
32
39
38
34
53
48
26
29
19
22
30
42
52
22
41
13
42
28
15
62
46
47
31
40
58
45
32
29
28
25
42
36
29
38
28
33
25
52
44
26
34
23
48
35
36
34
17
40
48
37
51
33
50
43
39
60
19
47
36
40
33
28
31
50
31
73
38
41
29
33
43
27
27
23
37
24
19
28
42
21
27
21
18
11
20
33
21
38
45
36
23
21
39
34
43
37
44
18
14
23
24
28
28
29
23
52
27
35
43
16
25
33
40
35
32
19
24
31
18
24
24
32
46
12
19
24
26
23
26
24
27
32
31
26
9
18
11
28
21
30
11
15
11
38
26
38
24
34
22
14
13
23
20
21
24
22
22
26
15
36
10
18
22
11
21
26
20
14
21
18
17
20
8
18
63
14
12
28
12
24
20
34
19
16
19
18
23
13
16
13
17
7
18
15
28
22
14
29
21
16
10
22
24
22
27
16
16
29
16
17
4
47
18
12
14
25
15
8
16
36
17
21
12
22
15
16
9
29
20
18
9
9
15
16
14
15
8
9
21
46
7
16
15
10
12
20
7
27
17
13
46
22
12
7
11
19
10
11
6
7
12
3
26
15
14
17
21
8
15
21
17
9
12
21
9
11
13
7
11
12
8
12
17
21
8
14
11
4
27
10
12
13
7
12
9
27
14
7
3
5
4
15
8
13
8
2
10
14
6
4
6
6
17
18
12
15
13
7
10
17
2
2
5
17
15
7
2
16
5
3
6
3
17
10
7
9
19
12
4
2
13
5
7
1
11
11
24
17
8
4
11
6
7
3
6
7
6
9
6
5
6
5
2
0
5
12
4
7
7
8
5
3
5
2
24
8
4
7
4
8
3
3
5
13
8
5
3
0
8
2
2
0
1
10
6
3
4
12
3
10
6
2
7
10
8
9
7
2
1
7
2
3
14
3
2
6
6
3
4
4
1
13
4
0
3
3
30
3
2
3
1
5
1
12
0
1
14
3
4
4
4
15
5
7
12
16
5
4
6
5
7
3
8
1
3
3
5
8
11
3
1
7
8
3
0
2
6
5
1
3
5
8
5
6
2
3
7
3
4
14
4
2
8
6
3
1
2
12
5
4
5
6
1
3
6
2
3
3
7
5
4
13
1
16
8
5
10
1
8
5
9
1
5
6
7
7
17
8
0
5
5
9
10
16
6
17
10
5
2
0
6
5
11
6
3
6
10
6
9
2
10
10
3
9
12
9
10
3
7
6
21
9
13
2
6
13
8
8
5
6
8
36
10
7
14
5
13
12
6
6
10
8
7
7
12
12
17
29
12
38
5
6
12
23
19
5
12
5
8
9
15
4
18
11
14
50
26
7
8
8
17
13
17
20
13
13
22
23
12
20
17
19
23
22
15
15
12
17
15
16
22
20
15
15
14
21
17
23
16
32
10
16
19
32
10
15
16
8
16
36
30
21
24
6
7
17
32
13
13
16
20
32
20
16
29
30
15
31
49
18
15
22
28
17
46
20
25
20
30
31
30
21
26
54
34
27
33
49
24
19
18
23
15
25
31
44
29
64
27
31
34
22
44
24
33
41
27
27
35
16
32
39
21
21
19
44
36
45
23
35
37
25
31
92
55
40
49
51
44
22
30
22
38
43
29
34
40
45
37
31
63
28
47
29
29
48
34
48
43
57
47
25
55
31
54
38
46
42
36
25
38
41
38
49
48
37
48
47
50
39
55
94
59
67
57
53
41
30
46
51
36
47
40
42
67
43
39
45
59
39
50
53
35
31
42
57
85
54
73
52
59
54
46
35
69
49
53
60
82
44
47
49
71
74
46
57
39
47
45
64
51
44
74
88
62
48
66
61
73
64
62
61
43
49
47
70
83
44
47
53
64
83
51
80
68
46
72
47
41
56
74
53
57
51
64
85
63
88
62
48
35
67
69
45
90
61
65
48
59
28
73
47
49
52
98
54
67
49
52
49
47
52
24
62
67
72
56
39
57
75
60
58
60
49
46
49
98
80
53
48
74
40
76
66
32
45
44
35
66
75
53
83
66
48
61
39
52
44
60
83
43
39
78
54
37
58
53
58
55
45
100
63
42
64
58
60
66
102
56
44
94
65
66
73
48
65
31
58
54
66
67
51
84
75
63
72
56
46
53
37
42
57
100
48
53
80
55
66
60
59
58
82
62
61
65
50
70
63
79
68
63
74
70
59
45
44
54
58
76
47
77
49
27
48
67
51
111
67
63
79
41
57
57
43
62
34
67
46
52
91
59
48
66
100
60
66
45
52
69
80
88
60
67
76
108
49
61
46
45
46
71
63
73
42
102
51
76
59
50
46
59
27
75
76
39
43
68
71
43
69
32
65
47
56
61
48
54
32
38
50
62
34
45
64
61
48
73
45
47
43
49
35
45
86
61
45
89
61
45
80
45
65
60
40
45
62
63
55
48
68
67
70
51
58
35
41
104
40
45
32
54
47
67
69
40
51
68
68
59
52
54
57
51
60
54
56
69
51
37
69
62
45
56
49
50
64
55
53
59
51
60
56
53
61
54
33
24
61
42
48
61
73
72
67
51
44
32
67
59
86
65
52
42
58
38
34
85
47
34
62
36
43
49
52
44
45
78
40
71
44
88
61
38
56
40
79
28
53
37
58
58
59
41
57
69
59
47
44
60
59
44
41
64
56
46
68
49
52
59
56
39
85
59
55
59
44
54
68
35
30
54
37
55
45
79
54
32
38
29
63
51
52
61
64
42
59
33
46
60
41
60
65
51
27
24
39
44
33
49
40
25
55
45
29
54
48
57
40
40
45
38
49
47
55
49
44
43
39
48
34
46
46
76
45
39
44
32
53
64
37
36
53
51
27
44
39
40
52
29
32
50
37
31
37
67
47
47
50
47
31
61
45
51
33
64
39
43
73
24
43
48
46
38
37
40
27
20
23
30
38
34
33
26
40
43
55
36
69
47
53
29
35
46
56
50
62
61
47
65
76
60
38
53
40
27
43
43
41
33
31
37
42
55
63
48
40
38
38
37
53
41
41
44
54
61
45
51
47
53
50
41
47
31
52
69
30
80
51
40
83
45
53
59
52
52
49
46
38
57
50
44
31
62
39
29
41
35
36
30
41
49
33
33
71
36
42
25
41
51
50
64
37
41
55
56
44
73
46
50
40
62
37
32
38
60
41
37
40
41
43
56
43
47
61
38
39
45
50
41
52
67
65
50
49
60
59
40
37
40
44
48
33
45
51
49
40
22
52
59
41
70
36
29
42
64
44
57
63
25
27
47
53
39
31
49
35
33
27
53
34
46
26
32
35
39
50
46
29
42
39
45
50
57
43
37
45
28
59
85
25
52
53
45
39
21
36
25
45
34
39
48
55
28
36
39
52
69
56
43
58
44
33
24
41
43
30
40
34
33
32
32
47
41
59
25
27
55
39
42
46
40
37
21
52
40
44
77
44
25
40
45
26
57
38
50
60
38
52
26
28
36
49
52
27
52
54
38
53
33
31
57
38
37
27
33
26
58
31
32
32
54
28
15
36
26
35
51
33
39
26
43
39
37
45
35
58
47
18
21
46
15
46
28
27
40
61
27
18
43
26
14
41
42
38
36
28
16
25
34
34
35
29
20
30
25
32
31
37
43
7
31
25
35
30
44
28
21
18
35
31
34
15
39
41
30
15
34
27
19
20
19
19
40
23
16
19
30
9
32
32
19
18
20
19
24
22
20
19
46
31
21
28
19
19
14
26
34
16
21
50
29
22
18
34
21
13
21
19
27
27
21
19
22
22
15
35
17
12
26
44
33
17
23
22
9
20
14
11
14
8
10
27
12
17
20
12
22
20
14
14
15
15
18
10
18
13
2
8
14
12
11
12
6
7
17
14
13
8
15
11
12
6
9
13
13
30
20
1
9
6
8
8
14
15
8
17
14
5
3
7
12
11
20
7
9
10
27
9
15
10
5
11
17
5
11
11
14
11
22
3
12
12
13
11
6
5
5
8
2
16
5
9
8
4
5
18
6
10
5
3
6
7
19
7
8
7
7
7
4
6
11
9
9
2
8
4
22
2
5
7
12
2
3
13
8
5
1
7
4
9
3
10
11
12
21
9
9
11
2
4
6
4
12
1
7
3
20
3
1
5
11
4
6
7
7
12
14
15
8
3
3
6
5
2
8
3
0
8
1
2
4
5
6
6
2
9
17
3
13
4
25
4
2
10
7
6
2
5
14
3
2
5
3
8
1
1
3
4
0
3
3
8
4
2
4
5
6
3
2
9
7
4
11
10
12
9
1
3
10
9
7
11
6
8
4
1
7
3
2
15
5
2
5
5
3
5
2
8
14
3
1
10
13
3
2
29
11
12
7
3
14
6
3
10
9
6
12
6
5
4
6
11
4
7
17
13
8
6
7
13
19
13
12
12
5
10
19
11
8
15
8
8
21
12
7
20
5
3
11
12
3
0
8
13
10
14
23
11
4
14
7
6
8
15
9
9
1
15
14
17
11
9
16
12
11
10
8
16
7
22
14
2
4
4
13
5
10
9
8
14
14
7
14
5
14
10
19
15
6
14
9
9
9
15
18
13
8
9
12
36
3
27
15
28
19
12
14
9
21
5
21
20
16
13
9
17
13
10
11
23
18
12
16
11
11
16
22
12
22
17
35
23
20
14
22
12
15
18
16
17
24
8
21
22
28
16
24
17
11
32
21
20
37
30
20
26
11
28
28
22
36
20
23
29
36
32
16
30
33
18
26
37
26
40
27
24
51
19
20
21
22
39
34
28
26
37
24
46
24
25
45
18
30
34
20
19
28
39
44
34
20
45
39
26
32
30
13
26
44
28
34
41
32
29
35
43
54
41
34
69
49
25
32
41
24
41
23
50
25
37
47
44
53
37
40
27
27
51
41
49
63
40
50
47
41
28
65
40
73
36
45
67
29
23
62
70
31
40
35
53
32
50
33
43
54
40
81
42
49
55
47
52
38
48
51
44
68
53
45
91
31
63
99
48
38
34
42
59
55
51
53
31
47
21
71
54
89
51
69
55
48
43
50
36
47
71
47
56
50
56
39
47
45
42
56
43
36
44
42
61
49
67
36
46
37
50
49
83
54
47
96
42
46
80
64
45
51
46
65
79
70
40
52
48
67
62
69
63
66
34
53
52
58
76
68
63
64
35
64
63
44
76
63
48
52
51
58
64
71
43
55
36
58
63
82
74
71
55
45
64
50
49
44
32
51
67
60
95
52
73
37
56
60
45
83
124
54
30
32
73
56
41
61
49
44
57
49
53
60
60
55
72
53
70
36
71
76
66
65
96
47
44
61
68
76
47
57
69
70
50
48
73
46
44
41
42
51
28
42
46
39
65
37
58
47
45
50
62
36
92
62
64
49
72
102
48
79
46
67
61
60
46
44
46
90
38
48
44
69
52
54
37
51
67
38
58
102
68
44
45
41
77
56
62
48
44
61
71
44
41
55
61
37
64
83
55
84
119
50
52
49
58
55
31
48
52
83
57
46
98
56
46
70
64
51
44
62
94
53
59
70
51
50
43
59
57
45
44
65
45
60
69
49
35
72
68
69
65
73
55
39
46
27
57
51
45
50
55
95
47
45
39
57
48
70
61
97
45
53
58
83
41
45
52
60
55
35
63
67
46
49
78
53
46
92
77
69
47
50
70
53
32
57
38
51
26
51
40
55
47
54
49
69
61
54
57
56
74
58
94
48
83
68
56
44
41
115
65
60
38
54
46
35
121
43
47
45
60
39
61
60
51
32
43
44
60
56
63
39
54
55
35
44
73
52
46
31
48
41
60
41
61
45
68
42
87
53
59
33
43
73
45
71
67
61
48
45
57
45
40
45
40
37
49
83
49
31
50
44
38
56
44
92
49
43
48
33
44
40
43
54
41
46
41
49
40
40
39
61
30
46
30
45
22
36
57
42
34
60
40
43
49
54
42
47
47
32
24
53
56
52
38
32
42
35
51
40
34
28
39
25
50
37
47
45
51
47
28
53
42
29
34
31
40
34
55
33
37
47
43
50
68
23
39
31
61
27
43
50
50
40
42
49
34
23
35
47
47
55
42
43
67
41
48
47
30
56
55
54
39
61
38
50
47
53
34
33
40
36
54
34
39
33
61
23
37
29
43
34
43
32
24
23
50
49
62
36
51
50
49
60
51
32
50
31
19
43
44
41
38
27
28
28
40
47
28
38
23
40
40
49
39
26
71
33
41
49
46
38
42
43
52
47
25
24
33
39
50
33
30
46
33
32
48
51
49
64
59
28
27
34
49
31
40
46
42
38
29
47
30
46
56
20
25
40
45
53
40
34
28
65
29
52
30
34
31
23
60
51
34
43
43
21
36
39
46
62
40
45
24
31
36
45
22
85
36
75
49
41
61
48
19
29
34
68
44
17
34
41
45
44
47
41
69
43
29
45
35
32
48
51
32
31
54
26
49
26
36
47
29
28
32
59
53
40
45
34
26
39
44
22
35
56
37
32
39
52
42
57
86
41
61
29
51
43
40
32
22
42
48
37
60
40
38
50
37
35
38
24
38
31
37
54
33
50
40
44
34
37
33
70
41
39
33
39
28
53
35
23
53
39
47
41
28
25
63
29
33
37
43
32
26
31
49
21
41
66
25
62
41
33
62
42
29
28
31
41
34
30
47
36
43
39
28
39
29
15
56
36
47
43
40
19
21
37
48
40
30
53
26
51
29
32
33
35
19
55
30
45
43
49
22
25
22
68
29
21
38
28
35
24
25
27
24
39
39
32
21
24
34
63
41
26
52
26
20
29
38
36
15
19
32
40
26
31
43
30
13
36
19
38
45
34
22
32
16
27
11
33
38
32
31
19
34
47
50
40
18
22
39
26
24
46
42
47
20
18
22
34
14
27
27
31
29
12
30
24
35
26
31
24
47
12
8
20
29
15
17
17
15
20
19
38
19
14
41
11
27
16
15
9
48
32
19
23
23
25
10
24
7
17
16
23
16
9
21
55
27
16
47
13
5
16
27
25
14
14
29
11
19
10
17
14
14
16
23
14
22
9
18
13
20
13
11
5
8
35
6
17
16
8
14
16
10
12
15
27
15
20
20
18
6
24
11
11
23
8
15
14
8
11
18
9
10
10
11
3
14
9
14
7
19
13
8
24
7
8
22
7
13
9
11
12
12
13
14
7
25
26
17
19
16
22
13
17
7
16
4
15
5
8
14
13
1
10
10
13
8
7
6
5
5
15
27
5
16
11
12
5
9
11
2
15
8
1
5
12
7
10
12
3
10
5
12
1
9
18
6
14
6
5
12
7
16
7
9
10
5
9
7
5
21
6
10
6
7
3
1
7
11
5
3
11
8
7
19
2
14
3
3
10
14
3
7
7
9
10
10
10
5
2
2
2
5
11
1
6
5
12
11
10
6
3
1
3
2
4
22
4
5
10
1
8
4
4
7
11
3
3
0
1
3
9
11
3
1
7
15
4
4
9
7
6
10
3
11
4
2
14
2
21
3
4
2
16
2
11
11
5
8
12
4
4
3
12
7
3
1
7
5
3
8
8
6
4
5
7
18
2
3
6
5
2
9
2
3
24
8
5
2
6
3
5
8
10
3
7
7
5
8
4
5
3
1
4
9
1
8
5
8
11
17
7
13
12
2
12
6
4
5
10
15
3
16
1
17
10
8
12
12
3
5
12
12
11
4
5
4
6
2
9
11
9
8
14
7
19
3
13
17
13
17
12
10
14
4
9
12
7
3
11
7
9
9
18
18
16
18
14
15
7
21
16
17
8
13
16
9
10
10
20
12
16
14
19
10
12
14
11
9
6
15
32
8
16
9
14
10
9
19
16
15
23
17
35
32
32
13
21
11
11
24
8
18
40
21
9
11
19
29
12
15
21
16
15
17
21
29
18
11
11
33
9
16
11
28
19
18
19
23
17
29
14
31
26
18
21
15
15
25
39
52
31
29
22
33
20
19
35
31
27
13
28
19
31
31
34
24
22
27
36
32
19
17
18
24
37
34
31
46
34
39
24
27
31
28
28
55
23
42
39
34
23
25
33
31
34
32
44
38
30
18
27
40
39
31
57
47
24
27
53
89
38
28
30
28
54
81
17
32
34
40
54
41
49
27
58
29
40
52
33
59
28
39
64
25
34
45
34
47
38
56
38
37
44
54
32
36
21
40
55
33
45
16
40
49
48
39
65
38
50
46
27
16
56
25
37
41
51
48
42
64
49
59
64
52
33
37
60
44
27
60
67
33
36
35
56
60
63
37
33
46
47
55
60
48
48
85
48
61
57
67
39
46
62
99
55
64
73
35
51
50
79
48
54
48
46
49
51
31
35
37
90
58
49
38
60
56
52
48
66
57
48
50
78
84
66
46
36
52
63
57
74
44
40
28
52
51
38
52
41
41
60
52
49
49
41
63
69
58
58
62
58
44
46
64
48
47
49
96
50
50
77
68
38
79
58
57
53
46
54
55
59
23
31
69
54
66
65
57
42
98
59
52
36
87
37
81
51
52
46
67
59
42
40
79
52
57
67
68
48
42
49
38
45
65
70
62
64
47
58
49
46
53
49
33
49
67
53
59
41
52
70
75
43
37
33
68
37
40
57
61
33
30
102
76
71
69
43
43
49
66
53
91
64
66
47
77
39
93
51
55
80
48
39
67
49
47
44
51
56
43
36
55
47
82
48
81
52
62
41
57
50
123
60
53
38
41
38
54
54
37
79
60
50
86
64
49
48
56
40
66
39
44
38
45
60
69
44
62
44
39
54
61
63
46
46
74
44
46
54
79
43
71
41
40
40
41
54
36
45
42
71
40
50
47
77
38
65
57
41
56
52
43
77
68
67
67
64
51
41
67
76
48
34
51
39
52
71
36
39
41
42
73
81
61
52
51
57
52
46
39
46
42
56
31
50
58
58
68
54
35
57
57
85
49
87
36
52
55
106
43
55
74
87
59
50
35
40
53
35
52
41
75
47
63
55
48
61
50
49
58
53
56
43
40
46
47
64
41
66
30
53
75
47
50
78
53
37
72
44
49
34
74
56
45
57
71
30
73
52
51
54
36
48
39
33
47
45
57
47
65
47
60
77
50
58
54
82
69
40
85
49
59
44
53
55
59
102
37
46
35
52
32
65
42
37
56
31
46
46
58
43
54
36
33
53
27
37
42
58
48
49
46
49
29
51
44
58
29
59
45
39
47
26
37
40
37
50
45
49
69
84
42
44
46
35
51
47
24
35
50
48
42
55
33
41
62
22
30
27
59
77
48
45
59
56
22
24
35
30
47
41
27
38
18
28
41
55
36
61
30
34
38
56
50
31
34
31
52
36
29
47
36
68
35
64
27
33
42
39
46
41
40
57
36
20
44
30
36
36
55
43
40
22
36
30
32
56
30
32
67
65
21
32
34
34
37
26
27
37
57
59
45
28
36
42
31
35
57
61
50
29
38
39
20
43
45
31
40
33
40
20
42
51
19
33
55
44
62
27
30
43
55
36
43
33
66
51
34
35
44
26
54
48
45
41
42
42
34
39
33
36
31
45
31
40
24
45
34
17
32
36
38
38
31
29
41
26
31
25
24
57
23
29
20
28
31
30
39
45
53
39
34
32
35
36
35
44
20
21
25
45
41
35
39
40
39
26
101
34
55
48
40
28
55
28
41
19
38
52
32
30
33
73
31
27
33
26
37
24
35
17
31
45
35
46
39
57
29
55
34
26
38
35
34
28
26
39
44
22
32
35
61
62
23
38
29
28
20
32
63
51
34
31
17
30
37
38
33
49
28
30
43
26
41
45
16
24
19
70
31
25
42
37
23
26
30
37
24
25
128
38
36
27
49
46
43
28
27
37
40
23
26
38
26
30
17
28
22
47
27
73
28
35
26
32
24
19
22
31
110
35
29
24
32
36
45
15
45
35
49
38
35
36
24
13
36
48
32
39
36
16
34
30
45
24
30
33
47
22
18
38
36
22
35
40
32
48
18
31
46
31
36
44
77
39
36
31
22
4
20
35
24
24
23
42
26
33
39
21
34
19
38
49
31
29
18
23
39
24
28
26
22
21
34
22
25
30
28
13
34
33
26
30
13
23
14
12
29
22
9
25
21
19
16
23
17
11
15
35
24
19
42
21
16
23
26
10
12
20
23
29
21
30
13
18
23
27
10
23
21
24
12
28
21
17
10
26
28
10
13
16
25
21
14
21
16
14
13
5
15
21
18
24
14
23
7
24
21
18
22
15
22
10
30
12
12
25
16
20
23
10
6
9
8
18
11
9
30
23
23
9
9
10
8
10
21
17
11
29
11
6
15
8
21
18
25
20
14
7
10
19
15
9
9
35
15
1
4
10
25
17
7
6
12
17
4
15
18
19
15
13
15
4
13
7
11
7
14
9
13
5
10
5
7
15
15
9
5
20
7
10
8
12
13
31
16
8
9
5
25
17
13
17
6
15
6
5
13
22
4
13
12
5
2
29
6
11
6
5
6
13
8
10
3
26
12
7
7
10
9
4
1
2
12
7
9
5
7
3
5
7
5
7
4
13
4
13
4
4
5
6
9
4
9
10
4
3
2
3
2
4
11
1
4
5
4
5
1
8
7
7
2
3
6
12
4
12
2
5
6
4
2
5
4
2
5
5
3
4
13
5
4
7
3
4
13
18
7
8
7
7
3
4
4
2
1
6
10
13
2
1
5
2
7
7
12
10
4
3
4
2
2
6
3
5
5
2
0
5
7
6
9
7
4
8
5
1
1
2
14
4
1
14
5
0
8
5
9
3
3
3
14
0
5
8
14
2
1
4
3
8
10
5
5
4
4
10
3
18
3
17
3
5
19
2
1
6
4
5
5
6
2
3
6
28
1
15
1
1
6
6
7
4
10
2
6
1
25
9
3
0
3
15
3
3
1
13
15
7
9
5
8
4
2
9
7
3
7
1
10
3
7
5
7
4
4
7
5
2
6
0
26
2
4
0
8
2
5
2
23
0
14
2
9
2
5
7
5
6
5
7
4
13
14
22
9
14
15
9
2
6
9
4
3
8
14
10
34
3
3
1
2
5
13
4
3
5
16
12
8
8
1
9
8
9
19
3
17
12
4
18
4
14
11
7
19
9
15
24
15
8
16
11
12
11
11
13
5
31
6
11
15
12
15
18
14
27
9
22
20
33
17
5
5
15
34
16
9
20
16
9
29
23
23
19
18
8
11
5
13
22
17
22
22
9
15
10
29
14
30
23
35
41
20
24
20
35
10
24
42
21
19
26
25
15
24
44
40
13
26
30
16
19
14
29
19
22
30
26
30
16
32
16
42
20
25
34
24
33
27
29
36
31
41
25
31
56
23
28
43
23
29
35
35
27
30
29
28
36
23
28
28
25
21
40
36
36
29
26
28
36
34
39
48
32
41
45
46
86
49
27
64
37
48
23
30
28
44
11
44
33
32
44
44
29
44
44
69
31
45
31
39
27
37
34
48
55
39
53
41
47
43
47
35
46
40
50
24
45
50
90
31
48
46
76
57
56
63
37
46
50
27
62
51
63
41
65
48
55
37
32
60
60
76
74
55
49
56
51
34
44
49
84
37
36
70
36
49
60
39
38
41
48
34
46
51
51
76
26
55
46
55
78
26
73
48
50
67
53
56
36
36
49
64
51
57
61
77
53
62
67
53
90
64
63
66
81
52
82
50
36
70
43
47
41
61
73
64
44
42
44
57
55
70
40
48
89
55
73
63
42
95
64
56
51
64
62
56
59
64
47
38
41
56
60
84
41
52
71
59
62
50
79
65
42
52
49
53
48
93
37
63
84
61
58
35
71
70
77
45
71
52
94
48
57
87
57
39
56
80
54
65
73
46
76
65
82
50
42
56
79
46
77
58
73
52
43
47
66
55
148
54
70
59
45
48
63
42
40
70
65
64
118
55
58
59
63
61
72
80
62
41
41
56
65
33
38
98
41
60
61
64
67
44
60
60
56
46
57
45
47
42
46
67
50
60
50
46
51
66
41
73
46
67
44
36
57
42
65
50
35
106
37
65
50
43
80
63
52
65
48
66
51
57
69
46
59
38
54
58
35
61
43
86
45
48
65
47
89
37
63
79
79
103
37
65
70
64
88
83
41
51
75
68
50
68
63
101
49
57
37
45
53
63
68
50
65
55
67
43
61
49
75
67
82
59
42
62
59
62
49
50
63
58
77
63
54
60
49
47
69
82
60
48
34
55
45
38
66
55
42
46
57
77
57
46
46
80
62
76
62
51
43
52
46
70
73
59
64
60
53
32
42
67
47
55
50
62
52
38
46
60
45
66
34
41
47
54
37
56
44
35
39
72
57
45
53
57
42
36
55
33
55
57
45
90
60
59
65
37
54
65
57
61
52
66
44
50
50
42
41
50
57
76
37
44
70
58
50
51
52
69
49
54
45
35
47
53
30
57
60
41
63
55
70
72
44
32
37
36
48
43
92
32
52
48
43
48
56
48
49
92
38
60
46
36
58
51
76
54
41
60
61
22
59
50
37
45
32
57
34
48
46
32
47
70
48
49
48
61
70
34
43
55
31
51
83
59
33
33
41
45
53
45
52
58
47
79
30
60
50
50
42
38
56
52
51
45
51
28
43
31
52
42
55
41
46
44
68
39
31
26
38
23
43
38
32
62
43
48
60
40
61
67
36
62
49
29
49
42
24
46
46
43
52
40
37
67
59
27
95
38
48
37
56
56
46
51
27
20
52
32
41
46
32
40
45
25
57
29
28
35
40
28
35
53
59
35
16
50
38
45
26
34
34
49
33
35
40
50
69
56
44
79
38
38
52
30
46
43
42
34
42
55
34
40
21
25
47
36
30
34
44
55
78
24
24
14
43
35
34
44
34
37
44
41
25
62
38
48
54
46
34
30
53
63
42
40
31
40
50
42
36
34
24
26
38
35
31
33
36
38
35
38
33
33
47
41
21
121
30
34
53
40
37
25
48
44
47
42
37
33
23
40
48
32
36
36
33
31
32
30
36
35
36
35
28
27
26
27
45
56
21
24
33
38
32
38
26
42
37
36
44
31
42
21
29
27
34
31
40
41
44
29
23
35
18
33
48
34
64
42
22
23
35
21
29
48
26
42
25
25
38
25
18
34
29
20
35
22
36
40
27
56
28
55
41
19
50
25
18
49
21
15
19
28
40
37
31
54
33
43
26
37
19
50
47
31
28
37
36
48
33
36
45
26
32
28
23
43
56
30
36
26
31
43
24
22
24
12
33
34
19
33
44
37
27
19
36
16
31
37
23
48
24
20
22
28
25
29
23
19
40
34
23
26
22
34
37
21
28
23
24
27
32
41
22
47
27
21
20
28
46
27
14
19
26
23
23
34
57
21
27
23
19
24
33
21
41
20
18
7
13
25
35
41
25
31
22
27
18
22
19
22
26
49
30
18
32
24
25
12
26
12
25
13
18
21
15
13
13
16
31
17
27
17
31
20
25
16
20
27
23
19
18
11
22
22
20
15
22
20
5
28
12
11
22
27
27
24
17
30
28
23
23
9
37
23
29
25
6
21
8
14
21
12
19
4
9
14
8
12
6
14
25
21
13
16
15
17
5
10
7
17
6
18
11
9
15
18
34
13
12
13
13
6
13
23
9
10
5
10
2
5
7
4
7
11
4
15
17
7
7
5
12
12
15
4
17
18
5
4
14
3
7
14
5
4
15
8
12
16
8
11
8
9
13
16
12
19
5
8
5
15
8
10
5
19
3
11
7
14
5
5
8
8
14
14
3
12
15
11
4
7
7
2
6
5
13
1
0
5
2
7
18
19
4
6
27
3
18
2
4
11
9
6
13
6
9
1
17
7
7
9
1
6
30
11
6
10
2
2
1
8
5
7
8
7
11
1
1
6
7
8
5
2
2
14
12
10
8
0
4
6
2
4
5
5
7
21
14
14
11
1
5
8
2
20
2
6
4
1
2
1
6
4
6
8
3
8
11
8
4
3
14
3
0
10
2
4
9
9
3
2
12
13
1
4
6
3
2
2
1
6
3
13
15
7
1
2
3
1
14
22
9
5
2
4
3
2
4
4
2
6
7
1
5
13
1
2
1
4
3
0
2
3
1
8
1
6
4
6
14
3
0
3
9
3
9
1
2
3
4
5
6
1
13
3
1
0
3
3
3
7
5
13
4
1
14
3
15
5
7
0
4
1
3
5
0
5
3
7
1
3
0
4
6
3
1
10
9
7
2
4
3
4
3
2
4
7
8
8
2
11
8
13
14
3
13
3
8
9
2
0
7
4
7
11
4
1
3
3
6
2
2
3
4
2
4
5
13
4
7
6
12
10
11
1
7
20
13
15
10
11
14
11
12
8
8
9
11
8
9
12
10
13
11
2
6
11
5
15
11
20
24
8
7
5
7
4
5
20
9
6
6
7
2
8
7
31
18
10
8
17
19
5
12
14
10
17
6
9
18
28
12
10
25
18
28
12
9
21
17
32
17
16
36
12
13
26
15
12
19
27
11
28
32
16
29
23
9
33
15
22
27
14
10
29
9
29
12
23
22
33
18
22
24
36
21
19
19
13
34
21
8
27
23
22
34
34
23
31
39
15
31
34
29
17
31
22
14
32
38
16
30
15
41
33
29
38
38
25
40
37
37
20
22
32
33
21
25
23
32
25
24
42
19
22
23
28
43
28
21
25
43
42
42
19
41
33
33
74
18
27
39
52
46
40
31
36
32
37
45
39
36
29
42
47
65
51
61
44
21
23
27
33
48
58
32
38
48
45
41
45
28
46
28
41
49
33
44
41
32
22
32
53
57
26
35
46
46
47
59
45
60
56
83
30
54
52
47
27
36
54
39
23
38
83
39
38
43
65
63
62
43
49
44
39
71
50
46
38
47
48
36
47
57
77
59
61
82
39
47
73
49
47
46
59
37
52
79
47
49
56
65
57
40
44
48
55
53
63
42
52
57
66
64
45
36
60
47
51
44
48
66
37
43
69
76
58
74
39
34
51
33
45
47
50
42
73
50
47
52
47
37
27
74
65
51
50
48
44
54
56
54
38
41
46
71
46
50
63
41
49
60
49
50
64
45
63
182
59
55
37
44
39
68
45
34
47
51
44
56
50
43
45
89
43
57
49
80
46
78
65
49
70
61
57
53
59
57
27
46
57
46
53
73
61
57
53
67
28
52
99
83
53
51
57
46
62
65
63
70
46
47
34
33
51
63
61
65
40
38
45
40
54
53
38
57
56
61
46
53
39
47
64
77
58
65
49
43
54
74
48
38
60
46
34
53
38
63
65
49
60
34
51
65
72
51
54
58
48
42
51
82
44
43
49
38
54
40
53
61
61
58
41
67
62
51
77
59
53
66
44
50
60
45
57
72
40
67
95
52
66
39
41
62
80
47
72
62
55
48
77
49
86
46
42
36
51
20
47
61
71
50
61
72
35
65
52
36
39
63
52
43
44
66
64
76
59
48
72
43
79
78
53
51
58
30
66
47
49
76
51
47
45
58
59
53
39
45
66
45
53
54
56
56
48
53
69
55
58
59
56
66
59
41
82
59
46
38
37
64
55
65
59
43
53
55
57
47
38
44
47
38
64
27
72
51
43
42
88
57
68
64
63
55
44
43
38
32
50
43
54
48
45
57
51
53
58
39
52
44
49
45
67
49
41
46
41
44
39
37
27
42
53
58
48
48
39
46
36
59
49
42
65
33
55
56
26
54
48
64
38
42
45
49
67
66
63
54
60
49
51
34
78
30
41
68
30
40
50
48
48
73
53
56
61
58
25
37
70
62
44
56
47
56
41
32
44
90
40
46
62
68
54
53
84
78
50
44
78
44
30
49
28
31
57
41
38
46
44
40
34
61
58
66
58
62
67
52
26
33
65
40
52
56
42
44
44
58
45
34
53
68
49
30
40
42
69
45
45
44
41
57
24
37
45
46
33
49
31
52
74
52
50
43
40
42
57
36
39
37
44
41
55
36
46
35
32
36
46
36
47
34
44
37
32
28
36
37
25
80
29
46
35
42
51
36
39
35
60
46
38
60
25
57
39
47
42
36
45
80
43
41
140
21
30
52
71
57
46
78
37
29
41
31
46
35
46
49
38
39
30
44
54
69
55
43
43
54
42
32
30
45
89
39
39
26
25
33
40
50
48
40
51
29
33
46
38
66
46
29
58
42
37
39
34
48
78
35
60
62
38
32
60
51
60
38
44
61
41
23
30
62
46
26
63
43
42
51
47
22
56
39
43
45
25
44
34
38
51
37
47
35
36
39
50
46
32
27
44
20
25
49
25
28
67
78
30
32
18
57
42
66
53
36
42
44
53
59
44
28
35
57
39
32
30
42
43
34
37
26
48
31
33
33
28
41
46
39
24
43
32
43
35
38
36
72
31
39
33
50
32
40
53
61
32
40
41
42
53
39
59
24
54
36
30
22
32
27
23
33
58
36
36
35
27
44
36
43
31
35
39
29
30
34
27
37
29
45
41
58
37
33
30
49
50
51
28
25
28
23
34
33
32
40
41
24
49
29
34
43
29
28
38
52
26
46
15
29
39
27
26
26
27
18
26
29
41
25
51
34
34
28
39
40
61
37
41
30
29
25
43
22
23
46
39
21
38
45
27
29
10
37
32
25
29
22
12
29
11
24
28
20
33
49
21
28
12
22
27
21
35
28
26
13
40
16
21
13
22
15
40
11
17
19
10
18
12
17
35
17
21
19
36
15
23
21
17
31
14
14
7
9
15
15
12
21
19
18
8
12
25
26
15
18
17
24
17
23
13
14
7
29
15
30
10
16
21
6
6
10
28
8
20
8
18
38
12
21
17
24
27
24
4
15
13
11
6
15
13
8
17
17
13
7
12
4
25
7
9
9
18
11
12
10
4
17
20
5
6
14
9
6
9
13
12
16
17
18
17
16
4
19
12
29
11
15
6
10
9
11
14
7
3
11
10
4
9
11
20
11
5
3
17
4
4
13
5
17
22
11
11
2
11
9
10
18
3
19
10
10
7
13
9
29
3
9
18
8
15
9
13
8
8
15
7
7
13
9
9
10
4
17
9
7
10
4
4
10
4
2
5
20
6
11
1
8
5
4
4
7
3
6
6
0
11
7
3
3
2
2
2
4
8
12
3
5
12
5
1
8
7
4
4
1
3
0
8
6
2
2
7
10
2
3
4
4
4
9
2
1
4
0
6
17
1
3
1
6
1
3
4
3
3
4
1
6
4
7
4
3
2
7
7
1
4
10
11
2
8
6
6
4
10
6
5
2
14
5
3
7
10
2
9
1
7
15
2
16
6
10
4
6
9
2
16
6
6
6
3
5
2
7
2
3
3
12
7
0
13
4
5
9
4
13
4
9
4
2
6
8
1
16
3
5
10
2
5
10
7
5
8
3
12
4
10
3
9
4
6
6
0
5
15
4
4
4
3
4
6
2
3
7
4
1
10
4
4
13
8
6
6
16
19
7
8
10
3
15
6
2
14
5
16
30
10
2
11
6
17
13
4
5
12
12
9
4
6
24
15
8
13
5
6
8
7
11
15
12
3
4
21
26
10
14
20
29
24
10
8
16
6
2
21
8
3
14
9
25
7
16
19
15
9
5
17
7
7
12
14
15
23
15
17
9
17
19
15
7
14
12
12
13
15
12
11
12
12
19
15
15
19
28
18
12
17
17
27
22
25
24
19
8
21
25
31
6
29
19
19
14
26
18
20
36
27
10
24
31
11
14
15
47
18
28
29
13
35
15
18
9
18
67
11
26
18
31
28
21
7
28
26
15
38
14
32
18
13
22
30
30
25
27
18
34
35
26
22
47
37
41
33
40
26
33
37
29
39
21
47
57
31
40
33
25
28
42
43
29
34
40
42
38
43
28
43
35
33
26
35
38
62
50
22
37
46
34
72
43
29
42
51
30
44
36
45
51
39
28
41
28
36
40
78
46
45
37
58
25
36
35
43
44
42
38
52
29
47
62
27
38
36
60
52
28
33
67
29
40
35
38
59
67
41
43
51
31
38
69
37
72
52
45
54
34
48
39
50
56
79
40
51
54
52
54
56
66
71
47
43
59
62
54
35
46
70
34
56
54
45
66
50
52
55
67
36
35
73
22
45
40
37
49
33
49
52
55
58
62
46
48
39
43
43
46
47
69
65
67
56
51
31
59
71
42
46
47
40
31
45
38
50
81
78
36
61
56
60
63
35
46
54
40
42
44
43
64
41
45
68
68
38
58
72
38
51
43
48
65
75
56
43
43
39
67
66
49
71
60
48
47
31
60
46
45
65
49
42
47
60
50
52
70
75
65
59
56
41
93
55
39
37
50
48
74
36
81
52
44
42
38
50
51
60
52
89
72
38
68
78
52
57
61
47
40
61
43
54
69
46
70
64
42
74
48
35
66
42
66
59
70
83
35
51
40
73
38
59
34
45
49
74
62
55
57
47
62
58
50
53
56
57
51
55
65
46
57
56
44
47
53
41
57
58
72
59
66
48
55
59
59
61
76
82
58
47
50
56
39
67
41
53
74
61
46
68
93
49
46
70
55
71
79
66
47
75
51
89
40
62
45
63
50
95
54
94
68
45
47
47
65
48
46
49
56
67
53
40
72
78
58
29
68
32
51
55
40
60
43
57
35
51
50
52
55
62
48
66
42
45
54
53
68
65
59
59
54
28
83
55
48
88
57
57
42
58
40
52
58
57
74
84
74
46
55
47
92
51
32
57
58
61
54
58
56
45
62
73
69
54
56
79
51
33
53
51
43
32
48
93
47
54
42
35
59
49
55
53
59
72
46
46
48
37
73
40
73
36
32
43
38
39
66
38
22
59
50
31
58
58
32
31
43
87
34
45
85
48
29
53
29
38
66
61
51
36
38
60
49
24
44
45
44
47
95
36
33
56
40
33
26
51
24
23
45
61
25
53
27
51
30
27
37
29
49
50
44
114
38
41
81
83
38
40
60
54
30
51
45
35
36
29
63
33
45
41
40
46
62
33
83
24
48
35
37
30
54
43
66
30
46
23
50
41
61
32
39
48
37
49
70
51
40
53
50
44
77
45
34
38
33
57
32
55
38
39
43
25
47
29
73
48
44
30
54
44
30
43
42
27
36
30
27
39
44
32
27
29
28
43
58
36
88
43
47
40
37
30
21
35
40
22
49
45
41
41
50
49
42
34
40
36
31
39
45
44
36
36
59
57
38
39
50
64
60
44
28
48
33
62
59
25
47
50
34
28
60
54
39
52
71
57
43
51
42
33
35
45
47
36
45
68
56
30
55
49
56
46
46
33
48
30
51
68
44
72
70
40
42
50
41
31
61
47
29
49
38
45
29
23
35
38
36
23
45
37
25
39
61
52
61
39
41
48
41
36
48
48
51
43
55
38
58
38
55
47
38
35
90
48
76
60
39
48
47
56
49
63
33
61
44
43
46
52
19
55
54
23
65
50
49
28
35
31
32
48
45
26
43
34
48
19
34
73
51
30
29
35
47
50
27
49
77
41
46
48
35
40
53
81
52
58
58
60
36
31
37
78
39
57
48
51
40
58
76
35
55
52
39
70
52
40
44
47
47
25
36
55
42
68
44
65
49
41
73
41
41
48
45
30
42
43
61
88
68
36
51
33
56
82
33
46
28
51
42
73
33
35
27
32
42
54
119
41
62
22
38
22
36
26
30
37
49
48
46
50
31
46
30
40
77
26
24
18
19
34
23
38
52
24
21
41
35
50
32
36
35
54
33
36
33
49
27
45
46
39
34
24
77
38
28
22
47
32
31
21
33
40
43
28
27
27
36
19
34
42
42
35
11
41
18
44
21
44
33
28
23
25
33
32
24
19
24
45
33
35
17
22
44
26
31
24
27
45
20
23
9
25
34
14
25
18
26
13
49
21
49
24
43
37
28
28
22
24
15
12
22
16
23
38
11
30
12
21
29
31
26
22
55
31
8
16
15
17
32
18
19
22
42
20
20
24
13
23
21
12
23
21
57
32
13
21
19
15
26
9
14
8
20
13
7
54
26
19
17
13
18
20
22
32
8
9
16
24
14
10
14
22
13
12
8
5
12
23
18
39
16
22
14
17
13
28
13
14
23
10
13
43
17
14
14
13
36
14
7
6
13
7
21
11
12
11
27
6
14
10
19
12
13
12
7
25
8
7
13
10
17
3
10
19
11
17
9
15
21
13
9
14
0
11
7
8
14
7
12
5
3
11
11
13
7
13
8
11
14
11
20
10
8
4
7
6
8
10
3
7
2
4
6
7
21
11
9
5
8
6
12
12
7
8
3
17
3
4
2
7
4
7
2
2
5
2
7
5
5
4
6
4
3
6
6
8
12
1
18
3
5
12
9
4
7
8
7
18
2
5
8
13
3
7
3
3
2
3
5
5
2
7
5
21
8
1
10
1
1
6
6
0
1
5
0
6
1
15
5
5
6
9
6
6
3
5
4
13
32
11
8
1
7
1
5
10
2
4
1
6
10
3
5
4
2
4
4
7
4
0
6
2
2
7
12
6
13
4
8
4
2
5
3
0
4
4
1
3
0
10
2
8
6
9
2
2
4
8
11
3
10
8
3
11
4
5
9
9
4
2
10
1
2
7
24
8
3
8
3
1
4
6
3
13
3
5
5
7
2
5
3
2
6
4
8
8
3
6
8
1
9
8
10
1
8
6
3
6
1
13
5
4
10
8
5
6
1
5
7
6
7
3
8
4
3
11
7
13
2
4
7
18
7
7
9
11
5
11
3
1
14
10
11
7
2
9
4
10
11
13
21
0
7
10
8
8
5
9
12
12
7
12
26
12
12
7
10
15
5
14
18
3
16
11
7
12
12
9
18
13
18
11
21
15
31
8
7
20
26
18
10
19
17
12
14
15
23
8
17
34
13
22
12
21
9
11
17
31
16
18
17
10
17
26
14
14
25
16
22
12
25
17
21
27
30
10
13
23
5
18
17
16
8
29
25
16
13
21
17
22
34
32
26
27
23
23
21
27
22
28
13
13
28
25
34
30
30
23
27
16
29
18
28
17
31
25
36
15
30
23
30
30
26
23
33
41
29
36
37
27
38
25
55
31
53
30
50
46
43
29
19
29
18
43
30
49
38
44
38
17
22
39
52
50
33
25
46
46
55
47
68
49
27
44
37
46
46
35
50
47
50
42
41
45
38
56
40
72
42
33
83
21
42
50
64
29
35
59
37
62
24
58
35
92
48
34
43
36
37
46
26
60
60
35
54
29
47
37
43
51
37
41
33
88
43
59
46
57
37
104
59
61
25
37
41
22
50
25
28
34
48
51
51
54
51
45
30
65
56
74
52
57
45
56
66
41
59
40
67
58
61
89
52
59
54
51
56
96
60
50
54
38
73
54
44
30
51
80
41
40
69
80
46
46
47
91
50
58
59
79
57
59
52
53
73
51
32
34
48
45
82
54
98
47
57
46
63
66
59
58
52
77
86
31
44
59
56
84
45
64
34
58
43
74
58
52
62
43
77
77
76
57
68
73
50
73
73
36
71
51
45
42
30
66
67
62
26
38
48
92
58
63
44
52
48
39
70
87
62
42
84
49
49
56
75
48
56
55
73
82
54
76
36
53
43
91
39
77
50
64
47
62
65
43
53
39
57
48
62
43
33
36
63
64
48
111
44
39
45
40
73
102
52
35
43
72
44
63
47
42
28
77
86
52
53
58
48
60
71
75
57
56
42
53
65
49
80
45
55
52
51
57
55
60
52
49
51
46
56
47
41
47
59
73
63
51
57
68
57
64
49
69
33
60
56
73
49
56
59
59
53
65
43
90
75
30
40
74
77
62
54
29
45
64
42
49
102
69
76
67
40
29
34
30
55
51
51
80
42
37
61
40
47
51
53
39
67
46
44
40
55
52
60
65
62
46
44
75
60
37
70
47
22
58
37
57
63
52
68
58
60
34
60
58
48
74
49
44
56
44
49
75
52
62
69
83
41
62
45
49
64
57
40
62
59
84
56
61
50
70
46
71
46
55
51
57
58
29
46
38
37
52
41
61
64
40
67
73
47
34
38
35
56
104
63
42
55
71
68
39
78
72
59
84
64
53
71
55
37
75
27
85
44
81
44
42
50
59
59
41
48
43
48
73
66
45
80
32
38
56
49
44
54
60
39
30
39
39
53
26
56
50
51
50
50
74
54
73
39
44
75
59
43
61
56
113
25
67
33
54
59
103
31
48
49
40
70
140
28
111
52
37
35
31
42
32
52
27
51
47
28
81
52
48
42
35
52
37
38
38
48
50
42
57
66
44
54
51
51
57
53
54
55
45
44
39
40
31
42
37
40
33
34
45
26
43
45
43
49
44
43
41
36
45
28
40
40
44
53
32
57
53
44
36
59
31
39
25
39
36
37
80
47
44
91
41
32
38
40
41
31
24
30
37
32
41
29
25
40
35
55
30
34
27
49
48
26
37
71
48
27
52
40
32
33
41
23
54
38
38
35
35
29
75
43
35
39
55
41
57
32
52
23
43
44
23
42
43
42
36
51
49
49
90
40
43
27
41
53
28
41
75
40
39
61
57
50
42
45
45
34
29
49
53
21
43
24
46
42
32
47
30
41
29
62
70
43
38
38
49
23
48
46
32
38
55
37
28
55
27
37
44
68
62
52
40
54
34
33
49
34
36
59
41
50
40
36
22
29
54
59
37
46
45
79
36
48
30
28
35
42
39
26
23
42
30
31
56
25
26
32
62
24
54
38
42
44
54
73
36
52
43
59
35
52
52
34
28
31
56
34
47
20
49
35
44
46
24
45
61
35
50
41
48
38
44
47
57
55
49
36
50
39
56
29
54
44
47
42
34
40
43
34
72
49
55
43
54
50
45
44
55
38
26
41
66
44
45
36
49
41
33
31
37
41
29
39
31
40
33
32
46
38
52
41
45
35
36
19
30
39
29
28
45
48
37
34
51
48
40
31
34
33
37
48
40
40
33
41
37
52
38
36
48
23
25
43
40
31
21
54
24
50
31
39
44
44
36
27
66
32
33
34
39
35
25
21
27
48
53
39
35
21
47
25
17
26
31
29
30
32
56
32
34
36
31
24
25
38
50
23
38
27
24
39
43
21
42
24
16
33
55
34
30
24
53
22
20
28
22
22
24
32
39
30
20
23
44
39
30
27
36
17
17
9
22
21
29
37
32
13
13
38
16
21
33
24
18
28
17
24
12
23
14
18
24
17
11
47
14
12
32
29
19
16
23
32
33
31
15
16
25
32
14
14
11
21
18
11
17
14
19
24
35
10
23
25
29
12
12
21
17
25
16
15
10
18
15
19
12
14
25
25
33
21
8
11
22
14
42
29
10
19
20
28
6
14
17
12
4
15
12
10
13
6
13
8
18
11
7
11
16
11
4
8
12
13
13
13
16
15
6
24
18
8
12
7
6
15
5
15
22
16
4
39
12
11
16
3
12
7
7
17
10
5
6
15
2
7
7
9
24
12
0
10
13
23
20
6
10
6
5
6
12
4
10
8
11
8
17
3
14
8
16
4
6
7
3
9
11
3
6
10
4
14
7
3
5
6
2
2
10
5
13
10
31
13
7
5
7
8
13
4
6
18
9
5
9
19
3
19
8
2
7
9
7
7
25
11
13
2
21
9
1
11
2
5
4
7
1
7
7
25
9
1
2
6
2
11
16
3
3
6
18
3
12
4
9
8
8
13
1
5
3
7
18
6
11
3
2
1
14
17
7
13
7
10
4
7
4
7
2
4
4
5
1
8
14
7
14
6
5
24
3
0
8
4
5
2
3
4
20
10
15
7
7
10
3
10
8
4
9
5
10
10
8
7
2
13
10
19
1
2
9
2
1
8
8
2
6
27
5
10
3
4
21
0
15
11
9
10
3
2
7
14
6
1
8
6
10
29
16
12
6
9
4
8
4
10
11
3
5
2
3
7
13
6
9
10
2
5
8
9
9
10
7
15
3
4
13
4
11
3
18
8
13
8
12
9
3
10
10
2
16
2
4
2
19
6
10
9
6
6
11
7
5
1
10
11
5
10
9
10
9
7
15
12
12
9
7
2
7
4
22
21
10
12
7
6
12
27
9
13
11
23
26
22
12
12
5
23
8
20
7
5
11
10
18
12
6
7
11
15
8
13
11
12
15
10
16
19
32
19
17
9
9
23
29
25
16
23
38
16
35
30
16
32
24
16
16
16
13
19
13
26
41
20
16
5
39
20
32
30
23
13
15
24
31
31
27
10
21
18
26
22
24
32
25
20
15
19
30
19
40
22
18
29
41
41
21
18
7
33
20
42
41
14
28
37
41
20
37
27
27
28
55
16
47
30
36
25
56
46
12
25
33
27
39
58
61
49
31
29
30
28
25
28
27
59
46
51
35
33
33
38
39
56
45
36
22
41
45
88
32
46
44
41
31
26
42
41
46
57
37
36
44
56
27
55
64
22
62
44
38
38
39
64
31
58
45
41
35
38
68
57
30
69
53
49
46
41
61
27
57
48
33
48
38
35
45
37
69
48
71
60
41
41
33
60
57
27
49
69
36
60
51
47
57
41
23
61
56
28
45
59
45
43
47
98
63
56
48
37
59
85
84
60
50
48
45
71
51
42
50
39
32
40
28
48
44
39
65
46
81
72
48
54
66
61
60
43
45
38
35
44
66
52
62
62
38
60
50
61
57
60
84
81
51
52
31
27
45
57
62
51
49
42
55
36
38
59
100
59
48
54
47
51
66
60
62
45
67
60
51
43
61
51
68
93
50
85
64
52
81
69
58
61
53
47
52
53
56
60
70
39
68
63
93
50
48
84
66
105
53
95
63
87
41
62
71
52
55
67
73
48
45
50
46
76
51
48
90
71
48
72
78
38
50
51
54
53
56
77
45
40
71
52
53
44
126
77
42
57
59
48
44
100
49
78
77
42
46
40
67
63
113
53
97
52
52
55
58
65
48
66
37
59
58
60
54
48
49
58
68
66
51
102
58
71
47
54
48
79
74
46
48
65
86
56
85
70
83
95
55
60
39
61
86
57
55
33
87
62
48
67
105
66
57
75
141
48
74
62
48
72
59
55
40
70
43
48
65
50
59
104
61
47
43
72
39
48
49
36
67
38
75
60
49
72
41
48
57
77
47
48
86
97
44
59
50
61
59
68
38
61
48
59
42
38
47
62
63
39
46
67
37
48
76
52
115
60
81
71
53
59
82
38
43
62
46
74
48
39
64
55
46
55
70
79
82
46
37
32
58
69
49
78
55
50
52
44
45
51
56
68
52
56
51
111
54
56
84
58
83
32
52
55
52
43
47
45
52
44
72
50
46
85
47
53
59
53
41
28
63
40
60
76
49
44
61
58
41
73
88
58
47
62
40
41
47
55
57
64
63
61
57
34
65
43
72
41
61
42
51
53
26
37
56
61
80
61
38
38
45
51
57
50
88
41
41
53
41
69
43
49
38
98
54
50
42
70
34
41
61
36
51
39
30
38
55
50
38
78
40
51
42
48
45
39
48
50
47
32
64
42
55
91
38
71
55
65
50
56
41
38
50
38
30
52
79
42
51
42
38
47
39
40
96
63
32
40
48
54
34
35
35
37
39
62
41
60
51
49
67
47
52
63
38
66
64
56
36
67
38
51
59
20
25
38
46
44
31
40
33
30
25
41
84
40
45
40
49
46
36
43
46
54
45
44
23
55
40
49
45
42
44
39
21
39
46
41
39
38
31
37
54
42
40
40
27
36
29
42
47
42
53
49
42
42
47
49
34
51
54
31
54
37
25
47
47
19
57
62
55
43
50
29
48
40
57
27
62
47
37
40
45
41
47
46
45
22
43
36
30
46
62
25
37
48
51
53
31
50
60
25
39
41
47
37
38
50
42
36
52
51
38
45
35
55
50
33
24
45
38
63
40
44
35
38
35
35
89
63
62
32
38
38
60
44
39
36
51
38
31
27
38
70
35
89
53
53
40
50
50
48
33
35
25
29
51
56
77
40
44
63
30
49
42
61
36
45
42
38
40
63
48
26
30
38
63
27
62
34
44
38
53
52
47
53
36
35
50
50
59
39
47
19
53
31
58
36
28
67
59
55
37
32
59
48
42
56
33
45
45
47
58
61
50
34
43
48
50
34
42
66
49
35
33
36
36
48
35
55
45
50
40
48
34
55
60
62
51
86
41
39
54
52
38
43
72
35
34
33
45
40
44
57
24
51
25
43
43
68
44
34
43
48
38
50
56
41
51
48
28
28
25
37
48
42
36
54
25
35
62
39
36
27
46
28
40
32
37
48
55
28
52
34
60
35
52
26
28
18
59
41
23
31
42
29
36
56
18
35
40
43
45
56
33
33
44
29
39
47
15
32
50
29
21
28
27
30
20
40
30
37
27
31
29
21
65
24
44
15
24
32
15
40
34
32
27
28
36
57
20
26
13
19
43
24
32
49
19
19
19
24
8
28
41
30
13
23
20
27
16
31
24
18
20
30
29
23
19
14
20
26
8
10
23
23
16
7
21
24
21
10
3
22
7
17
23
9
18
35
13
8
20
25
16
10
17
16
30
22
31
30
24
18
11
18
20
22
8
8
16
31
27
19
7
16
19
31
15
15
26
10
20
9
14
17
13
11
5
13
10
13
15
17
10
36
17
11
19
13
10
16
9
9
15
31
15
5
18
9
16
5
26
10
15
11
7
10
4
15
11
2
5
12
10
14
10
4
9
12
6
9
16
5
6
14
6
8
11
18
10
13
1
6
39
14
5
15
3
7
19
8
7
7
6
18
5
5
7
2
12
4
5
5
15
3
2
17
9
12
4
10
4
13
11
5
8
12
12
4
4
8
0
8
16
0
19
16
7
7
4
1
7
6
5
8
1
2
4
18
9
8
9
7
5
5
2
10
7
8
13
2
4
2
6
7
11
4
15
8
8
1
6
7
8
6
2
4
12
6
5
6
1
12
0
4
14
8
1
2
6
1
2
0
6
6
2
7
3
2
4
3
9
4
4
13
3
4
5
9
1
6
5
4
4
5
9
1
10
9
4
6
2
10
9
4
6
11
4
1
5
19
5
3
15
15
2
11
2
13
9
4
9
14
4
5
12
6
8
6
5
6
10
20
5
10
11
22
3
4
3
11
7
7
10
1
1
15
7
1
9
6
5
2
0
8
8
4
4
3
15
9
17
10
6
5
2
8
7
5
12
5
14
15
15
8
9
5
9
17
6
15
13
16
3
14
2
13
12
5
9
11
8
21
25
6
15
10
7
11
3
12
5
7
2
12
9
3
6
9
12
7
9
13
11
8
8
6
13
8
11
5
4
12
18
10
11
10
18
2
5
13
15
5
18
12
13
13
21
13
60
7
11
10
13
14
15
14
20
24
28
18
9
11
3
9
17
16
21
15
28
9
13
6
19
14
29
11
31
14
13
11
14
16
5
23
18
12
11
15
21
15
17
18
22
26
25
24
40
30
25
19
24
16
17
21
22
19
39
20
24
24
18
25
36
17
18
35
22
24
24
27
37
36
27
29
77
31
24
37
18
38
24
27
42
42
21
35
27
52
28
33
24
30
30
42
22
35
27
25
44
39
38
56
25
42
21
50
19
20
38
24
32
29
23
25
73
32
32
58
38
63
40
31
60
82
22
32
43
37
35
32
52
66
40
68
46
33
36
36
47
28
56
36
38
33
31
30
32
60
36
39
43
27
37
51
31
28
33
59
65
52
34
39
39
46
60
41
55
58
44
76
48
50
64
56
56
63
58
39
68
68
76
81
36
35
98
31
53
41
45
50
66
40
43
36
65
86
43
57
70
50
47
45
67
46
55
45
78
46
45
46
52
75
70
45
55
47
42
49
38
46
35
33
91
74
34
46
57
63
53
61
60
55
84
63
71
33
67
56
40
105
75
47
106
53
51
45
55
59
47
53
44
68
48
61
63
68
64
40
51
71
68
71
79
53
85
83
69
41
98
77
69
39
73
76
51
69
67
94
74
102
51
45
77
53
51
61
74
87
66
68
62
67
51
44
51
56
45
46
78
68
51
90
53
81
64
88
86
76
49
75
78
46
84
74
47
61
78
42
65
38
53
69
70
50
68
69
85
57
67
73
56
68
67
54
66
55
44
86
56
70
55
52
64
49
57
49
63
57
45
46
43
60
43
65
42
63
75
52
64
50
49
36
64
64
45
61
27
60
80
52
66
49
90
44
64
46
108
69
40
57
71
93
132
84
83
63
44
68
48
53
79
68
63
56
66
55
54
63
53
42
52
68
60
68
92
42
77
79
26
78
57
51
51
81
56
59
94
46
47
64
61
55
48
88
57
58
48
72
60
61
48
65
65
70
63
77
45
59
75
52
42
74
56
58
72
35
42
62
64
67
68
48
50
57
35
60
54
49
55
47
86
56
47
83
73
41
56
71
57
43
57
42
45
48
72
39
55
79
57
45
56
59
41
72
44
46
64
68
63
66
47
51
48
41
52
25
39
80
40
50
50
49
61
61
44
33
44
51
57
47
33
43
56
69
66
53
54
51
101
40
38
62
53
71
67
52
57
54
56
44
56
61
53
53
88
65
53
54
85
32
38
63
56
48
79
49
49
45
60
45
58
54
51
78
58
74
56
45
44
71
35
57
43
67
97
56
56
59
57
79
51
41
45
39
55
47
44
44
38
30
54
36
35
39
28
27
29
47
79
18
43
42
34
48
51
52
31
21
29
28
32
31
37
52
54
22
74
32
33
26
56
33
37
39
23
17
39
41
28
30
32
25
33
58
28
54
35
14
30
47
34
31
39
27
35
45
34
33
40
26
38
52
60
52
60
60
38
48
37
31
34
52
64
60
37
40
41
32
54
48
65
53
52
40
45
69
47
40
28
38
40
66
49
29
49
32
57
34
26
45
29
45
32
35
40
48
42
55
37
42
25
27
43
25
45
63
29
42
58
53
43
48
56
46
42
30
33
43
39
46
78
34
67
48
52
47
45
27
37
42
46
33
43
45
28
45
40
25
58
60
53
33
40
29
37
33
55
40
38
84
42
26
51
59
63
23
48
35
48
60
57
38
57
46
44
39
38
65
49
31
57
57
41
32
52
51
49
50
43
56
48
34
33
43
45
40
48
33
37
20
37
31
35
45
74
29
61
57
29
60
27
50
66
42
48
43
49
21
29
32
32
79
64
43
37
48
69
52
65
40
40
42
55
29
49
58
48
28
40
29
18
24
37
41
37
36
39
38
36
37
45
52
25
32
37
32
50
32
46
22
24
31
35
39
39
47
50
38
37
29
55
22
58
21
57
55
26
34
39
30
49
25
33
68
49
31
47
52
51
48
41
46
63
50
52
59
33
35
44
46
33
42
48
45
46
21
37
53
36
30
40
42
68
42
45
30
38
51
53
93
63
25
39
52
36
41
32
38
24
55
62
45
32
29
56
20
25
64
59
45
41
31
41
23
25
46
58
43
21
30
28
70
29
24
51
39
38
37
24
18
35
44
27
31
36
32
23
18
42
67
40
31
22
35
24
61
41
21
39
44
38
32
34
38
52
45
27
47
22
22
22
30
75
25
51
46
31
53
28
20
56
43
44
29
32
29
46
43
27
25
53
46
33
12
23
57
24
30
18
82
32
35
32
21
22
41
36
23
35
50
26
16
23
13
29
18
26
30
26
38
34
22
23
24
24
19
37
10
20
20
42
21
16
19
19
34
22
43
38
28
28
20
20
27
27
9
24
15
21
10
20
25
36
21
16
20
28
9
33
27
21
16
21
21
10
27
45
40
9
12
19
10
18
29
24
30
16
24
20
22
19
15
31
15
23
18
51
40
15
27
14
18
20
11
39
17
15
13
18
15
21
5
25
11
10
11
10
10
20
19
29
20
12
18
26
14
10
15
6
22
26
14
20
15
9
13
18
18
20
9
8
7
16
12
7
11
7
2
3
16
19
10
16
17
9
14
5
11
6
14
10
13
12
7
6
20
14
17
14
12
10
13
13
10
14
5
0
17
15
10
13
0
13
4
5
8
3
18
8
23
6
5
4
7
10
18
6
7
2
8
16
5
7
14
4
14
8
3
21
9
11
6
12
6
12
3
6
18
9
8
5
1
5
14
6
10
7
11
4
6
11
22
3
19
3
5
12
32
10
6
6
6
8
7
5
5
13
10
11
13
5
1
5
7
10
20
3
6
12
6
20
9
4
9
10
6
6
3
14
9
6
3
6
12
8
7
9
11
0
0
14
14
3
4
16
10
5
6
6
10
5
2
2
5
2
5
4
6
11
0
7
7
3
10
2
9
1
5
4
7
1
25
7
12
11
3
4
2
8
0
11
6
15
2
12
9
4
6
8
10
15
4
10
17
3
6
4
6
2
7
9
2
10
12
6
5
5
15
1
3
10
4
13
5
7
8
3
6
1
22
15
7
15
14
13
4
8
4
8
14
13
5
4
53
4
7
2
4
4
21
6
6
6
4
7
0
53
8
10
4
5
17
9
9
9
9
8
6
11
17
10
19
17
7
6
5
17
10
20
7
3
13
2
6
17
3
7
17
2
10
8
11
7
5
27
18
16
11
12
11
26
5
8
5
10
5
16
11
13
24
16
13
12
31
7
8
10
18
15
31
19
30
12
9
35
11
26
9
27
19
9
27
12
19
9
16
23
6
17
25
25
13
24
21
25
15
12
16
21
16
33
27
29
26
35
22
13
31
18
41
20
14
77
21
30
22
9
30
13
15
14
48
30
11
16
27
24
23
15
34
30
26
16
25
40
49
34
29
34
37
23
32
38
23
32
37
36
70
39
24
34
28
26
42
32
24
32
38
44
41
35
36
30
29
24
31
24
42
51
44
32
36
22
33
65
41
23
32
25
27
19
31
34
42
28
49
43
42
23
49
33
54
48
44
58
54
30
51
25
35
35
22
27
34
36
46
34
50
50
42
32
47
40
44
50
33
33
48
37
34
33
32
57
57
48
26
37
58
29
45
45
37
32
40
54
56
36
40
74
46
48
91
50
64
18
41
38
54
78
32
60
41
43
49
55
46
51
35
56
53
72
72
34
28
49
41
33
58
56
47
38
37
46
54
49
76
56
46
53
49
47
66
73
69
73
43
55
65
60
60
94
64
65
51
54
63
43
32
85
68
55
59
49
39
63
58
68
54
63
72
49
34
54
57
67
55
66
45
88
53
53
38
48
61
78
71
88
43
47
60
47
77
69
57
44
82
72
77
91
40
55
52
95
67
72
80
87
109
57
50
49
48
39
63
53
43
87
70
66
48
43
59
85
65
76
62
53
110
71
65
36
26
32
52
57
56
64
66
45
55
78
62
62
54
61
48
105
63
54
66
50
47
70
52
51
46
81
50
54
52
37
52
73
46
71
76
46
41
69
84
44
59
67
36
41
54
52
35
55
74
39
56
64
55
63
86
53
45
51
75
30
41
80
74
50
53
64
46
78
92
52
60
44
58
50
49
68
68
46
59
67
72
68
44
53
62
36
74
62
69
57
77
78
39
67
52
95
49
62
74
52
52
70
45
54
52
60
43
73
51
65
85
55
45
50
38
63
59
63
44
59
51
43
56
53
56
53
31
64
56
77
82
65
37
48
48
69
59
69
65
57
71
48
50
53
55
56
48
114
58
53
63
54
50
70
63
68
51
49
77
103
59
62
101
54
77
62
38
34
43
67
49
44
54
55
65
39
62
35
63
45
38
48
46
52
53
69
40
51
56
39
71
91
36
34
46
65
63
63
72
84
48
66
46
37
67
70
50
64
53
45
40
68
68
34
38
72
36
44
52
63
82
39
51
43
72
57
54
63
46
45
51
43
45
56
36
67
40
87
60
60
71
67
44
90
51
42
50
62
44
37
43
68
52
55
42
61
30
48
57
66
38
60
41
39
29
52
60
42
94
62
71
53
36
36
67
58
91
49
31
41
44
29
44
73
87
44
40
37
44
61
39
57
55
48
42
70
59
68
63
26
34
63
48
40
51
62
133
47
54
62
35
71
33
40
40
31
143
54
55
41
41
52
28
35
46
50
36
65
50
49
43
50
40
56
37
67
36
41
49
42
65
52
49
66
33
58
53
94
60
49
36
44
58
48
79
55
43
35
51
43
35
36
36
54
39
21
36
36
46
58
40
45
26
30
54
37
66
76
38
49
35
47
54
39
48
33
49
42
23
55
54
48
70
50
34
44
32
41
48
47
36
32
71
35
41
33
33
30
47
38
42
26
56
30
22
27
57
55
34
43
18
20
35
48
64
24
24
42
30
38
61
34
68
30
31
43
34
38
39
27
45
52
39
39
38
38
27
37
46
58
30
42
27
49
52
34
35
37
49
33
64
34
81
42
32
46
32
31
36
41
42
28
15
28
22
31
29
45
26
37
44
45
24
20
41
49
51
33
40
28
64
50
44
29
30
40
41
34
38
34
41
39
12
42
30
38
38
14
41
56
29
59
36
36
40
23
29
27
48
57
38
49
31
44
33
29
47
35
43
36
29
47
38
67
29
29
27
44
49
43
35
26
20
22
27
51
33
25
48
55
47
35
37
39
39
43
44
37
32
31
54
59
22
35
32
32
31
28
38
36
55
38
42
53
50
35
51
36
37
26
21
28
24
41
37
29
49
55
47
23
18
40
30
55
44
46
47
21
30
30
53
48
46
32
32
47
39
25
37
27
39
47
39
30
24
34
48
32
32
34
51
86
35
37
40
38
41
37
18
40
29
57
19
27
25
53
28
21
48
30
26
28
36
46
33
35
46
42
39
39
37
26
26
25
24
32
28
51
33
19
28
28
28
21
38
33
10
21
29
26
29
15
42
21
24
30
18
31
26
28
36
44
23
27
21
17
23
19
30
47
27
17
36
22
20
21
25
36
26
31
36
30
44
26
32
12
43
19
28
45
17
49
27
23
19
29
34
15
18
17
48
39
33
31
11
16
25
28
21
9
36
31
16
20
14
34
8
21
53
11
24
23
28
29
11
19
13
24
21
19
27
11
15
31
20
16
34
22
38
17
13
10
17
11
42
14
13
19
14
14
16
11
20
34
27
19
22
13
19
16
47
19
20
20
10
18
13
33
26
27
17
24
19
17
17
17
16
18
12
20
18
33
14
23
7
27
17
22
15
10
22
10
20
9
13
11
13
14
8
30
15
24
24
24
16
10
10
6
11
6
17
5
15
10
41
5
11
7
13
15
30
23
10
14
13
12
20
4
17
7
9
10
13
17
7
4
13
26
27
14
9
18
9
20
8
6
8
10
11
3
4
8
8
2
6
10
22
20
6
14
12
7
12
12
29
8
16
26
6
8
4
5
0
3
7
11
17
12
5
11
14
4
12
11
8
9
11
14
13
9
10
6
2
5
21
12
4
7
8
5
33
24
10
8
5
7
3
15
15
28
10
5
7
10
4
6
2
3
10
3
10
6
6
22
10
3
4
28
7
7
11
6
3
1
3
7
17
5
8
5
0
3
10
3
5
11
2
3
1
10
1
9
0
4
6
3
2
4
1
11
3
7
12
6
4
8
7
2
2
0
5
0
6
3
3
4
5
4
3
8
6
0
1
0
2
7
7
8
2
1
1
0
3
6
3
2
2
10
5
5
14
3
8
14
2
11
6
14
12
3
16
8
4
1
2
2
1
4
10
0
3
1
4
2
9
1
3
5
3
3
5
0
3
5
4
2
10
6
0
6
10
5
3
1
9
12
1
8
0
4
2
1
13
7
5
1
1
10
2
3
7
1
5
2
2
6
6
4
7
6
3
4
9
9
3
9
2
3
6
2
5
8
2
11
11
7
20
10
10
4
6
9
4
7
5
4
2
8
4
4
4
6
4
7
5
4
2
9
3
1
12
2
33
6
9
11
17
5
6
6
3
6
18
15
13
11
10
10
7
6
4
1
1
16
11
35
15
9
4
11
23
13
6
21
11
40
19
20
8
7
8
20
24
8
10
16
26
3
11
18
25
17
9
17
19
19
14
10
33
30
19
13
16
26
20
28
16
21
15
34
20
30
13
18
22
23
21
16
16
10
12
12
40
18
23
8
58
39
23
34
32
10
30
37
19
27
27
17
17
34
19
14
13
28
37
23
20
45
9
35
28
32
22
50
42
34
24
33
31
33
32
30
28
30
34
36
40
38
33
42
23
42
37
47
23
21
20
23
15
33
32
34
37
40
27
48
21
44
30
97
21
48
52
14
31
37
35
27
18
52
53
41
45
35
43
19
51
42
33
44
44
30
53
34
31
53
65
34
33
36
40
32
39
27
67
62
38
27
48
45
44
67
37
42
44
49
51
44
25
21
49
25
43
35
59
49
81
38
30
55
28
28
38
77
53
46
30
41
54
31
30
40
33
56
44
38
54
69
37
57
43
60
29
33
49
44
74
44
49
39
44
36
53
54
76
88
32
49
53
68
56
64
77
52
73
55
45
59
45
48
48
48
80
55
39
63
26
37
50
44
59
75
45
55
45
30
39
58
47
47
48
65
38
65
75
37
47
80
69
52
61
58
25
79
63
36
46
52
29
73
45
76
38
79
50
58
58
62
49
65
71
48
52
77
53
55
44
73
58
58
37
41
52
69
38
52
59
45
68
51
44
43
42
53
41
42
46
87
42
124
45
65
51
61
41
74
47
46
83
57
66
51
50
50
80
43
33
36
48
46
61
55
70
62
54
70
48
45
18
54
170
69
59
72
52
55
69
33
69
47
66
79
44
48
55
51
50
57
35
67
36
59
45
70
62
46
48
36
97
82
76
54
84
59
74
49
45
58
61
57
39
46
56
79
50
91
62
48
58
53
66
42
33
53
57
58
60
68
50
75
62
50
68
37
51
78
64
81
73
55
98
64
48
43
54
53
55
61
69
44
61
66
73
62
57
53
57
56
67
40
62
46
32
52
41
66
42
98
58
51
48
72
51
49
40
52
26
41
47
45
52
52
48
47
71
52
76
45
54
60
103
33
71
41
49
78
56
40
52
32
43
34
57
71
76
59
52
36
34
38
70
61
58
42
49
50
69
34
41
84
64
32
59
38
52
58
68
30
55
83
48
21
68
64
34
72
91
65
53
52
80
60
43
73
60
55
46
49
55
40
36
44
45
59
40
34
36
47
44
57
75
45
48
65
51
46
70
61
41
40
57
50
79
60
50
46
63
53
94
64
113
58
55
50
40
45
68
53
59
40
46
63
39
42
63
56
63
43
49
45
58
41
53
43
45
50
37
35
50
41
42
51
53
64
54
38
31
56
51
63
30
57
69
46
74
39
49
36
37
68
58
57
66
60
40
56
62
70
36
20
62
46
55
30
51
59
37
50
47
46
35
53
33
25
49
51
17
50
50
40
49
34
48
51
30
27
31
57
47
54
38
38
43
48
35
47
38
42
55
55
43
79
59
58
35
28
39
33
71
40
80
54
44
62
36
43
21
51
29
39
42
53
41
25
30
39
46
41
37
27
29
50
26
53
47
37
32
40
45
54
46
35
27
45
47
55
44
43
41
41
41
36
31
37
36
31
43
27
28
18
47
42
45
28
57
35
18
28
41
66
45
39
33
27
36
43
22
29
60
34
45
43
36
31
31
62
34
45
40
33
56
27
52
49
45
39
44
41
60
24
41
42
44
17
21
53
26
69
46
51
87
76
64
41
44
48
38
37
22
37
45
33
23
38
37
51
36
43
55
31
34
35
63
24
37
32
27
93
18
29
47
39
41
27
56
49
36
32
35
37
55
66
18
37
65
24
28
23
43
45
46
34
41
29
43
36
39
29
43
62
54
31
34
23
56
52
36
26
63
38
50
47
36
41
27
38
28
35
43
35
20
45
42
67
57
25
38
26
46
19
23
29
41
47
56
25
42
35
70
42
51
34
47
30
37
33
44
35
29
26
29
29
54
33
54
28
31
35
41
42
58
22
31
34
26
43
63
60
43
23
23
40
39
42
26
46
41
36
31
32
40
36
39
51
30
68
23
23
25
30
36
24
30
34
25
17
27
44
24
37
31
21
21
32
23
30
21
34
30
30
25
37
17
34
48
30
29
33
27
30
53
58
28
23
37
23
29
23
15
41
31
22
20
46
60
29
45
23
12
20
21
21
27
17
19
17
26
17
29
24
24
31
21
23
22
28
40
42
21
36
18
26
38
19
22
27
22
23
17
36
14
20
35
15
17
15
25
18
29
22
27
15
50
41
15
15
33
21
19
19
33
28
25
13
29
21
30
11
29
15
25
17
9
12
21
17
22
15
30
8
13
10
17
23
15
20
35
22
16
17
8
18
36
12
9
12
12
20
12
17
36
10
15
18
13
17
19
13
24
15
3
25
7
10
9
7
18
8
13
6
26
16
7
30
26
9
18
6
24
13
11
26
12
26
24
21
13
15
12
10
20
6
11
27
14
11
16
15
7
22
31
7
10
12
8
10
6
8
12
3
18
12
19
5
15
9
12
10
4
15
7
11
14
16
14
22
6
20
13
18
8
6
2
12
12
14
5
6
11
19
15
10
10
7
7
9
8
22
11
9
3
7
5
8
6
20
16
16
10
7
7
13
10
7
7
7
1
8
7
10
9
8
10
22
21
4
5
3
3
6
4
6
7
3
6
8
6
13
9
1
7
15
7
5
7
5
15
9
10
6
10
5
17
9
3
4
4
5
7
7
9
7
12
3
15
6
9
14
8
2
4
2
1
8
0
2
2
3
2
55
10
6
3
3
8
6
6
2
5
5
3
7
1
1
10
21
1
10
2
5
14
3
8
0
2
3
9
1
6
6
2
1
23
6
4
5
6
11
3
2
7
6
7
0
5
1
5
4
15
3
24
12
6
2
9
2
0
5
5
1
2
5
9
8
3
1
6
5
4
8
2
6
0
19
0
8
7
0
0
1
3
0
9
6
9
2
5
7
1
12
0
4
7
5
0
8
4
13
4
10
1
3
6
3
4
2
0
2
3
5
2
2
2
7
34
6
7
13
7
1
3
1
0
3
6
1
6
0
6
1
1
8
7
6
5
1
2
5
14
4
4
3
1
4
3
1
2
5
11
5
8
3
3
6
8
4
15
1
6
7
9
4
2
4
7
2
21
8
9
10
0
3
4
5
2
3
2
11
0
16
4
0
9
13
6
18
15
4
6
5
2
23
8
17
10
7
3
2
15
10
14
9
5
14
13
2
6
9
12
11
4
8
15
16
12
3
9
7
13
7
9
8
11
6
18
8
5
13
10
12
3
8
4
18
9
9
19
10
21
26
7
15
22
11
10
14
28
19
5
16
23
12
15
22
27
14
33
18
25
18
13
16
21
24
24
19
19
12
21
26
12
34
31
17
19
25
9
26
15
12
12
17
16
34
31
22
15
14
22
21
41
10
27
41
16
40
27
16
26
28
27
19
15
9
16
25
42
23
30
30
34
25
30
42
64
27
33
32
40
13
58
38
24
19
32
31
32
18
18
25
29
23
23
42
25
38
34
43
40
35
35
48
32
19
40
40
21
51
71
50
35
34
29
32
34
36
36
36
40
66
46
59
29
47
27
32
48
40
41
55
40
47
42
36
55
42
79
81
23
37
36
33
33
38
37
52
56
48
32
34
36
44
73
49
47
53
55
33
36
47
42
46
39
33
44
65
52
37
46
69
61
69
35
57
45
41
48
55
44
38
23
33
56
33
47
50
40
71
48
54
50
34
77
39
63
42
47
69
33
82
44
47
61
36
58
43
54
59
52
36
54
64
64
52
55
48
59
54
35
72
82
56
54
42
60
83
56
80
60
58
56
37
58
47
47
51
70
80
49
79
55
67
53
60
110
51
42
41
82
50
72
56
59
66
47
52
69
67
85
40
54
72
51
62
53
51
49
58
47
67
43
49
40
41
49
74
88
71
55
56
33
75
56
93
37
32
32
65
75
46
39
76
63
60
66
57
38
47
71
68
69
51
78
46
59
39
39
57
48
49
47
56
67
59
47
56
60
69
55
43
78
60
44
41
67
31
43
37
33
47
59
46
73
42
53
37
45
45
76
48
46
53
47
47
77
58
55
56
28
49
45
43
61
114
52
51
78
57
47
30
65
29
79
40
64
62
42
56
39
50
65
50
67
52
37
57
101
46
69
44
27
51
58
56
92
72
73
105
72
72
65
50
72
45
63
62
45
62
81
54
53
37
46
58
48
50
54
79
63
62
62
30
43
83
47
54
37
49
55
64
32
46
54
49
66
58
52
103
46
49
53
60
59
67
71
93
37
57
48
59
58
71
67
88
35
63
44
52
56
44
53
48
66
54
52
53
45
43
55
56
69
63
63
62
48
52
54
47
55
73
60
38
52
58
74
52
53
76
57
48
67
55
46
52
39
46
40
57
79
38
68
56
76
76
53
44
53
28
35
19
67
51
84
45
28
60
87
94
43
58
45
42
53
51
37
49
61
65
48
75
44
34
51
70
66
58
42
49
43
54
68
41
35
62
40
45
47
60
41
47
76
51
42
35
27
51
95
29
52
55
45
49
37
62
46
53
51
43
73
65
61
81
48
32
49
73
67
61
67
53
48
40
52
42
59
34
31
58
44
33
61
50
64
45
48
62
52
59
42
43
64
54
53
51
54
35
70
57
45
53
39
51
37
69
74
26
50
28
48
36
42
54
51
46
50
45
61
68
51
50
52
35
40
64
60
77
50
27
23
25
33
37
41
54
47
32
24
45
76
46
49
28
64
91
49
40
57
46
33
71
51
50
66
23
41
56
56
65
40
47
30
38
63
50
27
51
37
63
44
69
54
92
37
33
36
38
18
32
53
52
55
53
50
27
40
53
31
21
38
48
31
44
46
40
33
38
40
40
48
45
63
36
41
33
38
42
43
37
59
34
34
43
44
59
35
61
45
46
28
46
32
33
40
37
50
42
25
42
22
50
43
36
42
54
34
30
30
90
41
59
45
75
43
48
25
29
39
41
58
58
52
64
58
34
39
46
69
43
35
43
48
64
63
51
53
38
46
61
59
68
42
57
70
64
59
75
47
46
63
36
48
53
43
73
71
74
48
74
31
65
53
60
53
70
67
84
45
92
58
74
63
42
62
68
60
49
54
72
77
74
70
69
60
62
71
83
64
84
71
75
58
51
82
84
59
114
77
77
42
79
74
64
64
71
80
64
57
77
97
74
100
51
51
74
89
72
78
70
70
72
80
57
89
57
82
104
80
64
80
67
62
68
55
58
52
44
56
41
68
53
71
74
65
89
64
57
100
83
73
76
74
56
94
36
53
58
60
64
36
38
49
40
55
58
43
65
63
70
52
43
45
52
56
44
33
52
59
112
56
49
58
43
40
82
47
49
47
60
57
73
39
44
67
42
63
44
47
66
41
60
97
66
33
41
41
79
53
50
34
43
37
41
68
32
72
40
37
50
54
46
61
54
43
44
30
36
34
29
44
45
73
32
35
47
89
67
74
53
42
54
63
59
75
64
64
58
52
72
61
59
51
68
47
57
60
74
49
41
57
60
70
68
56
65
100
89
46
76
49
56
80
53
76
68
77
76
77
71
44
34
48
49
52
69
63
59
30
64
89
42
60
55
69
57
73
53
171
62
74
75
68
65
54
56
60
76
53
26
58
73
46
56
46
53
48
51
53
46
51
27
53
51
44
51
31
29
24
52
43
37
39
38
52
34
23
36
31
26
22
35
30
14
24
52
33
27
33
18
39
24
29
42
27
26
25
22
27
31
40
30
21
27
61
19
28
27
30
30
14
28
28
31
27
24
17
26
17
25
18
21
16
15
23
24
26
21
32
28
7
14
13
33
21
35
19
30
15
50
19
27
17
27
18
22
8
19
15
17
9
17
30
27
20
16
20
8
11
22
16
24
13
27
7
16
13
12
14
20
11
10
12
19
13
22
15
21
27
18
9
9
20
9
30
7
9
14
14
15
30
13
11
27
11
14
18
17
15
6
16
22
9
16
12
8
5
10
27
3
12
16
9
20
4
9
14
15
0
10
14
19
29
12
12
3
15
7
10
17
4
15
22
16
22
18
14
3
13
21
18
6
4
11
11
5
9
11
5
13
1
11
5
6
3
4
7
4
24
15
18
13
21
8
12
4
12
9
6
7
8
12
1
26
8
29
5
5
9
13
12
4
17
17
7
8
14
10
28
19
5
8
16
3
3
5
14
0
10
14
6
8
17
5
21
12
9
15
7
15
18
32
33
11
22
32
26
10
21
7
18
12
10
17
17
18
32
11
10
6
13
18
22
15
29
14
6
24
25
17
25
16
27
22
17
16
16
22
26
24
22
20
25
37
24
32
36
22
32
17
43
25
28
35
27
22
23
25
21
26
23
45
21
37
42
29
34
34
28
43
36
40
34
51
49
62
35
29
33
29
32
40
56
38
41
29
42
30
59
37
40
48
34
36
55
39
46
38
38
42
54
51
53
59
50
52
52
36
37
68
43
55
107
73
48
63
62
69
61
53
71
48
83
53
76
76
83
67
47
77
64
61
70
52
65
98
54
98
87
70
101
69
61
55
72
68
77
76
63
79
120
70
69
92
83
100
67
81
81
62
90
85
97
54
101
132
124
101
88
147
105
107
116
132
94
144
132
113
100
89
94
99
82
96
101
117
111
100
114
134
101
106
99
82
131
84
133
112
128
140
116
89
126
138
94
75
130
112
118
94
115
110
102
104
84
67
38
38
45
31
55
38
36
41
18
32
49
26
49
27
33
123
42
24
35
34
27
33
49
47
48
44
58
29
24
52
42
28
28
34
47
30
43
37
38
33
36
31
40
39
49
30
38
26
53
29
35
49
52
37
62
55
40
51
44
41
39
46
68
29
33
27
34
64
73
86
60
51
43
34
49
58
57
42
44
41
49
42
40
42
35
59
39
75
32
33
81
39
95
59
46
71
70
47
39
54
37
39
40
74
46
43
58
49
50
43
54
67
73
55
108
51
41
40
116
52
37
86
74
68
40
55
93
37
45
52
63
50
48
88
49
58
46
64
33
53
40
77
52
69
49
53
74
53
62
45
42
29
64
37
40
51
37
65
51
69
40
62
71
40
46
62
53
41
54
62
89
46
71
46
43
80
65
45
35
52
90
29
99
42
42
49
68
67
48
66
39
72
65
108
33
42
73
42
78
70
62
57
84
73
46
61
75
59
51
83
89
45
57
83
44
60
79
53
109
35
50
42
52
51
29
74
71
83
96
45
58
60
47
64
69
72
76
57
100
38
33
44
71
48
45
66
35
54
49
57
58
46
48
59
73
41
59
41
28
35
56
54
49
39
60
75
58
68
64
33
29
57
69
63
87
90
42
34
60
59
59
61
69
62
65
64
41
41
64
90
87
50
63
49
39
57
46
26
70
42
67
61
51
49
79
40
79
63
80
19
63
52
77
53
56
53
60
60
52
56
38
77
84
65
56
84
44
57
56
68
69
48
43
67
90
41
77
50
62
61
49
121
87
61
112
55
46
50
52
43
39
79
41
49
48
77
55
39
32
45
47
60
48
93
61
52
61
31
70
62
50
39
45
43
39
37
78
24
71
62
41
64
69
136
56
61
35
35
52
41
60
64
43
51
46
55
68
48
58
52
54
46
65
51
47
81
34
27
81
87
79
84
68
60
63
50
70
48
61
57
88
67
46
80
82
55
94
63
59
51
68
50
87
42
33
41
45
50
41
39
61
57
34
36
55
68
54
57
56
57
59
76
44
54
76
51
49
78
43
64
48
49
51
38
55
61
53
35
49
63
32
34
44
76
39
94
44
45
37
42
37
60
40
58
57
53
58
59
66
49
70
50
58
56
72
45
72
45
48
37
23
26
32
52
57
41
43
52
69
57
58
50
71
59
105
41
60
78
45
26
30
35
42
51
37
55
48
30
154
53
34
26
48
76
43
50
33
45
43
66
67
30
45
59
15
31
59
42
42
32
29
22
34
84
58
38
43
49
33
50
23
56
36
54
35
53
45
51
43
54
58
31
50
46
41
52
58
47
54
54
50
63
32
64
42
47
49
58
43
36
32
40
41
47
54
42
36
48
53
14
33
44
73
41
34
33
41
46
43
51
56
36
23
47
48
51
34
36
42
40
71
46
47
47
48
66
40
47
48
49
62
34
40
48
58
41
40
58
43
59
36
38
43
65
37
52
72
46
54
40
48
71
50
25
40
47
40
45
75
34
52
60
66
49
62
38
42
46
57
39
59
58
35
51
70
54
47
25
38
27
49
47
40
26
56
43
61
35
45
35
45
62
40
47
41
49
59
47
53
38
52
61
39
26
14
50
59
55
54
39
42
55
43
51
56
53
47
65
59
52
54
41
28
32
43
46
46
32
44
62
55
104
50
47
40
33
42
68
43
24
43
34
47
68
41
46
54
53
33
49
50
36
37
64
39
61
65
51
43
46
40
32
52
54
45
36
51
36
54
26
54
48
53
38
20
39
37
33
55
40
39
38
45
19
55
34
48
45
37
80
32
48
38
41
32
39
34
45
84
33
28
51
37
42
62
32
37
28
25
26
43
74
30
31
52
35
27
31
35
25
135
45
30
40
48
54
23
30
49
14
24
36
37
37
26
42
29
32
17
54
29
40
41
31
38
33
20
36
33
52
48
41
20
42
32
27
29
37
42
38
30
40
34
48
25
28
21
44
26
30
19
22
21
35
19
41
33
40
24
20
41
21
17
17
36
16
28
48
31
15
29
28
17
43
24
33
20
37
24
24
24
31
19
31
32
11
32
13
9
20
15
32
33
9
12
27
21
21
12
18
18
24
32
29
19
15
20
16
28
10
10
6
26
11
28
20
24
13
19
30
10
25
25
32
20
18
12
24
18
22
34
17
24
16
9
26
19
43
27
11
23
15
6
20
13
6
4
17
24
14
10
19
5
6
24
26
10
12
16
9
15
14
20
14
21
21
8
12
22
19
6
9
17
11
18
18
7
6
5
9
13
17
15
8
22
9
19
8
12
12
6
8
12
19
12
6
13
13
6
10
16
6
8
9
30
5
9
10
6
23
26
17
6
4
4
10
14
11
4
1
9
11
14
7
7
6
7
7
11
18
9
30
6
21
3
10
9
4
11
6
19
5
10
5
8
9
4
12
14
5
14
10
7
3
10
17
7
16
8
20
8
13
15
3
8
10
7
7
0
12
20
9
6
2
2
2
14
5
3
3
20
8
3
8
7
4
1
8
3
3
4
2
13
15
4
3
3
2
1
1
8
3
2
7
6
8
8
15
4
4
1
1
10
9
6
3
4
8
2
2
1
10
8
1
2
3
8
8
14
2
4
3
3
14
0
4
4
7
1
7
3
3
5
2
3
4
11
11
7
7
12
0
4
12
8
3
6
5
1
3
5
7
0
1
11
6
4
1
1
1
6
3
2
8
6
6
5
0
1
4
5
7
3
6
1
0
12
3
2
3
7
5
12
0
3
2
6
4
1
13
7
2
2
5
6
4
6
2
2
9
10
12
8
6
10
2
11
1
8
9
10
2
11
6
3
6
7
9
8
2
5
4
14
3
12
9
17
7
5
3
11
27
7
2
4
9
0
13
4
13
12
7
10
1
9
9
3
8
22
2
5
4
9
7
8
8
14
7
24
9
7
24
1
13
9
19
13
12
12
6
12
7
8
14
11
25
4
11
16
4
4
5
15
24
6
14
13
11
11
7
8
8
24
5
13
11
6
35
7
16
23
10
18
21
14
14
14
20
31
14
8
20
15
19
14
17
15
11
10
11
24
10
17
14
22
22
18
31
18
8
16
30
30
15
15
23
17
13
18
25
26
27
20
14
30
25
30
39
12
39
28
25
14
16
17
23
31
12
12
19
24
24
13
35
17
22
37
40
20
23
27
34
32
34
25
26
28
12
25
20
20
67
24
33
37
31
26
28
36
32
35
31
54
50
22
23
23
43
41
40
44
21
25
18
33
55
25
32
39
41
51
23
26
52
24
55
38
68
49
24
39
44
20
31
43
31
38
26
22
39
51
50
42
57
46
37
42
51
49
47
61
59
38
53
31
43
38
29
60
39
23
87
50
39
78
60
22
58
37
36
58
47
47
71
60
50
45
89
67
45
19
56
32
35
23
33
45
53
46
67
58
72
28
69
40
61
66
96
52
62
56
48
50
68
49
40
55
47
63
64
40
45
40
59
43
46
78
43
47
44
43
54
44
63
70
59
63
49
66
58
53
40
64
44
47
61
54
66
75
60
53
58
49
52
55
63
54
54
38
66
53
59
62
67
38
49
46
78
43
46
31
173
62
82
97
39
73
39
52
61
68
50
53
59
48
47
63
41
67
34
73
98
55
54
56
34
66
70
44
50
73
61
71
49
69
53
54
45
53
59
71
70
90
50
67
48
76
53
58
61
46
63
32
62
55
54
22
57
33
44
45
76
76
51
55
54
64
64
62
69
64
76
81
46
45
71
72
79
105
50
52
65
48
46
63
46
38
65
65
42
86
58
61
88
54
66
76
75
63
53
66
66
71
76
82
51
53
61
54
54
62
53
49
53
46
50
61
49
72
55
49
56
55
47
74
57
65
44
86
84
51
50
63
64
66
33
39
38
57
54
74
45
63
58
46
50
75
50
45
56
36
60
66
70
86
61
40
72
40
57
57
48
83
58
46
52
79
56
51
82
96
60
90
64
65
38
68
36
54
52
60
40
56
64
56
65
43
97
65
48
39
101
106
47
54
40
71
83
44
70
94
61
85
37
59
46
34
62
73
61
49
44
55
59
67
47
49
57
66
113
42
80
53
39
47
49
143
39
45
67
52
88
38
34
46
58
204
80
40
39
45
41
69
55
70
49
54
78
47
50
51
64
41
56
40
52
48
57
51
44
62
57
58
51
56
55
70
43
75
51
45
31
49
85
67
53
63
36
53
69
56
43
68
55
52
61
58
68
59
65
74
49
68
57
43
28
56
60
45
64
53
90
42
52
79
26
69
52
77
58
33
73
75
46
40
57
57
40
36
47
88
52
70
53
53
54
39
60
53
43
65
63
24
45
31
49
71
76
37
42
52
52
46
52
47
51
29
40
63
64
61
71
41
43
81
62
53
24
35
59
67
69
55
44
66
34
36
35
54
53
58
47
33
56
48
32
33
60
51
45
37
53
45
36
39
50
37
35
44
37
27
76
36
30
43
58
47
18
49
44
44
67
31
37
43
39
37
36
50
38
47
35
43
22
35
26
53
37
58
64
30
56
32
40
35
58
46
35
71
41
33
44
22
51
30
59
73
47
22
63
39
50
54
58
51
42
46
32
37
47
54
42
41
24
85
47
27
29
71
39
41
37
55
40
25
44
39
36
38
52
30
32
49
32
36
41
46
33
33
55
27
46
61
61
45
60
37
33
42
67
37
51
47
28
47
44
33
47
73
35
46
44
22
51
35
35
28
35
41
43
56
29
34
29
39
45
41
49
27
30
38
29
34
58
44
35
36
32
65
84
39
29
38
46
53
57
32
23
44
60
30
32
25
54
48
57
61
52
28
38
35
41
21
24
30
30
47
39
27
49
33
48
50
47
29
46
48
52
48
33
60
52
55
44
42
43
47
67
62
41
40
29
47
42
26
24
46
56
46
42
43
32
57
33
73
35
63
64
41
40
53
56
35
44
42
61
36
57
44
28
60
51
50
59
59
41
62
35
29
39
40
31
33
66
54
57
29
64
44
72
45
35
53
40
35
19
44
39
36
39
48
47
33
33
33
27
59
67
44
30
45
42
36
40
45
36
66
45
54
42
23
65
52
62
21
53
35
42
33
41
34
48
34
39
23
29
47
39
59
46
25
33
55
40
19
37
49
36
49
42
34
35
60
30
37
28
22
29
36
17
31
41
50
86
17
26
31
33
46
27
35
20
33
23
30
45
18
89
33
41
20
23
22
36
29
34
29
27
37
36
35
33
33
27
23
28
19
44
29
29
29
20
34
24
16
27
15
36
18
19
23
24
49
19
16
26
32
46
28
34
19
31
21
25
21
21
33
22
52
26
20
31
44
12
29
12
31
22
20
17
28
30
24
28
15
25
28
20
22
17
13
22
20
16
22
25
13
36
17
21
11
23
21
13
15
15
20
37
20
17
17
23
20
22
23
8
39
22
9
22
8
13
13
13
14
27
11
2
26
14
6
11
22
18
11
11
9
14
11
14
27
22
11
18
9
13
12
17
8
18
12
16
8
35
15
15
14
4
9
13
4
6
19
19
14
5
7
3
13
21
8
12
7
19
8
12
15
2
7
6
26
3
9
5
6
2
7
7
13
10
4
12
9
10
5
28
18
5
17
2
23
16
3
21
4
7
13
17
9
9
10
6
9
33
11
1
13
22
6
3
9
7
5
21
11
17
8
12
10
3
12
8
11
3
16
6
13
5
7
6
6
1
10
9
12
5
8
1
7
5
14
1
10
19
11
7
6
6
1
5
15
3
6
6
0
2
6
13
1
18
1
0
11
5
5
1
2
14
5
9
4
8
10
4
7
4
4
4
4
1
39
4
3
3
6
3
4
9
11
1
6
6
3
5
7
2
9
10
14
8
4
0
3
5
3
0
11
12
0
4
2
1
5
0
4
3
0
0
5
3
6
1
7
21
3
3
6
4
22
3
7
6
2
4
5
4
3
5
5
4
7
5
10
4
10
10
1
3
5
3
2
16
2
4
21
0
5
4
5
1
7
2
1
7
4
6
2
4
6
6
3
17
7
6
3
11
2
7
9
12
3
2
8
15
2
3
2
9
1
2
7
1
10
8
3
9
9
6
6
5
7
7
1
5
17
17
12
4
2
7
6
25
13
27
16
3
7
5
18
6
9
6
12
6
6
13
7
5
6
4
14
7
7
29
11
16
12
9
5
13
27
6
7
9
1
15
47
4
5
13
4
9
13
24
26
9
9
15
11
8
32
11
23
7
10
26
23
12
4
14
14
7
19
21
21
8
14
13
25
19
11
20
17
26
20
10
13
17
15
20
17
16
12
24
12
8
18
18
18
21
13
22
21
22
15
15
27
28
15
18
22
20
37
20
39
36
45
15
33
29
9
29
29
25
5
25
18
39
20
13
20
15
51
44
23
38
23
29
36
43
25
18
17
28
11
13
20
19
25
74
21
23
44
23
37
31
25
19
23
79
38
49
38
39
26
48
27
29
44
58
52
52
28
36
40
28
35
27
44
33
41
40
32
35
53
22
51
38
25
33
33
53
38
31
44
41
39
36
46
46
57
47
28
41
22
48
22
37
40
31
24
37
60
29
50
39
38
39
35
37
20
47
89
40
50
35
30
63
46
28
41
58
48
54
84
40
30
58
49
50
33
34
54
50
47
44
56
35
50
42
48
63
62
36
42
27
44
41
52
17
45
32
46
50
41
63
38
45
34
67
67
96
63
48
60
36
88
77
43
68
40
37
68
47
64
65
42
50
77
71
52
43
66
31
62
60
55
48
47
44
47
56
36
120
32
42
59
66
48
60
43
49
91
43
27
48
67
77
35
93
69
18
87
44
52
44
40
99
40
45
61
58
63
49
30
65
58
65
75
73
36
40
46
42
47
32
42
69
52
45
42
78
47
139
43
82
53
46
34
50
59
42
91
42
57
49
52
37
40
48
57
54
60
40
94
59
46
58
45
44
95
64
52
43
153
55
45
67
49
63
69
50
40
53
43
52
52
49
73
37
76
46
58
63
56
62
64
43
48
66
60
51
56
48
61
57
48
51
53
103
49
23
57
37
66
41
62
63
37
89
45
51
43
60
68
76
96
56
47
70
92
37
78
70
65
59
55
85
55
87
59
58
90
75
37
46
54
54
57
66
55
54
53
56
79
83
53
97
78
63
38
60
70
50
54
81
51
50
40
46
51
60
84
86
52
44
41
34
70
61
68
61
77
46
60
69
55
79
50
67
47
47
62
81
113
82
77
70
37
45
56
57
85
58
45
51
56
114
40
45
54
62
45
46
69
82
58
54
45
49
45
48
43
58
48
47
40
66
43
35
75
58
67
51
62
52
90
81
47
32
69
53
37
56
60
52
44
38
44
49
36
35
62
37
38
31
56
55
32
48
124
41
61
52
47
28
46
45
78
49
53
46
37
63
52
72
90
63
48
93
48
45
35
41
45
48
54
61
38
34
19
64
50
54
61
42
54
80
72
45
51
27
38
27
37
46
57
55
57
56
30
45
68
60
90
46
42
48
38
57
95
47
74
48
48
41
54
59
46
61
71
59
71
42
58
58
24
58
39
76
59
54
78
48
26
62
45
45
63
63
54
26
55
52
44
34
45
29
63
35
50
55
34
48
69
45
56
42
64
50
76
47
42
49
42
73
35
43
43
77
56
80
103
69
84
56
36
46
44
47
41
39
43
67
57
38
46
46
57
54
67
41
61
34
38
39
50
27
28
44
45
34
55
50
71
48
107
99
55
49
28
50
56
45
58
48
46
71
37
114
49
34
46
37
13
39
31
31
91
40
31
65
23
26
48
70
27
34
34
81
53
39
20
50
23
56
64
45
57
50
37
52
58
50
43
30
29
21
50
40
47
36
70
46
50
32
37
37
43
30
47
16
30
38
23
42
35
38
92
34
47
40
41
35
20
48
18
51
37
62
33
41
45
35
56
46
30
32
44
30
34
58
31
39
49
51
27
36
29
68
44
25
29
38
27
51
70
25
54
32
23
39
50
50
65
29
53
33
21
29
53
25
42
27
24
57
57
39
54
68
47
49
27
52
39
42
31
17
30
58
44
57
28
37
51
30
28
32
48
51
35
56
38
32
54
43
35
60
33
29
40
50
35
45
28
39
39
54
50
28
45
44
62
74
31
45
38
28
27
37
30
55
34
55
42
31
51
41
24
31
18
31
48
27
46
38
41
32
54
57
37
46
35
45
56
44
34
33
55
34
63
33
36
37
29
61
37
50
49
52
56
56
42
49
26
61
46
68
37
41
32
32
26
38
28
35
50
32
25
30
52
48
49
33
46
20
26
45
49
49
36
49
46
27
25
25
36
25
17
53
48
33
51
47
47
71
29
49
40
48
53
45
38
38
55
43
57
43
27
31
47
77
32
28
37
24
47
23
35
58
31
28
51
31
26
28
19
49
45
30
41
21
29
47
22
32
42
34
51
28
33
30
27
30
28
78
39
30
17
41
41
38
54
32
22
28
53
18
23
21
52
58
34
22
53
31
22
32
38
32
29
54
20
36
54
47
40
29
29
27
14
18
31
36
22
12
32
8
17
34
33
21
32
33
18
22
23
16
20
21
26
25
30
36
47
46
17
25
22
24
14
31
14
17
30
8
33
25
16
14
34
79
29
12
19
10
21
20
21
12
11
7
6
12
22
31
12
11
17
17
43
10
32
21
37
16
14
24
25
16
9
32
9
15
19
27
30
25
7
20
13
21
10
11
19
6
14
10
25
19
13
12
11
10
27
21
21
8
16
24
30
5
18
7
14
6
21
8
10
14
24
23
20
7
27
9
19
13
9
10
13
11
14
6
31
10
6
8
9
12
7
26
10
10
3
9
3
41
8
5
5
10
7
4
6
4
12
16
4
5
11
15
2
11
29
9
5
5
19
9
23
9
13
7
11
15
9
5
4
13
7
11
6
5
4
17
7
4
6
6
7
11
13
7
6
8
12
7
1
5
1
10
7
6
2
9
4
10
3
4
3
4
7
11
10
6
22
17
11
6
7
6
12
13
0
4
6
3
8
5
6
8
6
5
6
10
7
6
7
9
4
6
12
12
8
11
8
4
3
5
9
2
12
10
1
3
2
4
3
7
3
7
5
14
1
4
2
3
2
12
5
3
9
5
1
11
3
3
4
2
4
10
6
9
8
3
1
3
4
18
15
14
3
13
3
2
1
8
3
4
0
3
11
0
1
2
4
9
2
4
3
3
3
23
1
2
4
3
2
12
5
3
5
3
1
9
11
0
5
6
2
4
0
3
3
11
12
11
4
6
4
6
5
3
9
3
11
25
0
8
6
22
14
6
3
5
2
5
1
3
6
6
1
4
1
4
6
11
7
4
14
2
7
4
10
10
4
3
23
4
3
2
6
4
2
24
4
9
43
6
9
5
9
9
10
6
4
6
9
4
5
7
4
12
8
16
7
2
28
12
6
15
12
6
5
19
3
14
12
15
11
9
9
20
12
7
7
11
11
18
23
16
8
12
28
7
9
23
8
15
11
11
9
23
22
14
32
15
28
48
21
24
20
10
25
22
20
6
21
20
14
19
13
14
27
17
24
9
35
11
14
19
51
23
29
12
30
7
22
13
14
19
22
13
24
68
36
17
22
12
17
20
27
15
17
22
29
35
24
25
25
34
16
39
18
22
27
26
27
24
23
26
28
21
32
19
24
28
30
23
37
52
44
44
22
16
39
54
25
43
20
38
26
33
34
20
37
26
32
13
27
31
30
41
32
52
35
45
16
39
28
28
41
70
38
47
27
11
30
40
33
36
55
24
39
41
37
40
44
39
29
42
23
39
62
49
39
29
66
30
23
49
62
55
56
39
41
32
24
68
59
35
29
54
69
40
49
52
48
50
53
22
75
47
37
42
48
44
43
31
51
47
40
58
29
33
61
64
42
40
56
57
33
53
62
47
52
71
61
57
86
38
54
55
50
59
80
42
50
39
43
92
57
65
45
84
74
37
69
65
55
37
87
37
52
56
39
59
61
26
72
73
56
59
57
38
69
42
48
39
94
57
55
49
41
45
38
32
44
79
60
58
68
43
63
78
60
108
52
73
59
92
42
61
48
51
60
83
65
57
45
43
63
51
62
46
61
62
57
48
48
129
58
62
53
69
52
58
61
72
74
47
62
39
53
67
39
53
55
69
75
71
79
75
59
53
53
80
54
79
68
118
39
33
56
28
51
44
80
41
59
68
25
38
55
32
47
55
42
47
60
47
41
56
43
67
64
35
143
47
86
55
89
67
88
46
51
44
76
49
65
60
47
62
43
50
79
78
60
59
38
58
64
67
52
46
58
50
51
72
61
69
59
48
56
74
52
67
98
47
70
47
61
73
80
62
35
47
48
78
81
106
61
71
55
43
46
57
150
78
36
69
37
88
63
38
45
82
60
54
65
80
41
84
49
89
70
50
58
71
90
72
97
41
30
18
13
7
9
3
1
3
1
7
1
0
0
0
7
30
38
36
43
43
41
43
40
65
76
65
44
56
63
56
81
47
61
49
67
63
59
46
57
44
74
46
58
68
59
95
56
23
54
53
42
81
59
43
64
47
35
66
73
37
60
38
68
47
54
54
41
64
33
37
48
67
74
41
74
59
67
71
43
58
73
57
55
61
35
54
74
50
70
69
63
65
37
43
67
43
43
99
65
66
57
47
43
44
50
76
53
77
35
76
38
47
59
88
68
51
49
75
46
58
57
47
56
44
77
61
75
76
63
63
48
60
48
51
41
47
46
77
45
63
77
35
42
62
38
45
75
41
38
30
33
53
40
50
52
73
56
52
66
47
42
58
64
48
50
60
63
52
94
71
55
58
39
49
40
58
58
60
31
44
59
38
26
54
63
44
34
60
42
56
45
77
66
44
51
35
39
52
32
50
47
34
56
113
59
59
53
68
64
33
38
26
64
50
42
48
40
71
30
32
50
59
74
35
42
62
38
34
45
31
40
59
53
36
55
65
52
33
35
55
35
44
43
48
23
28
95
36
36
25
52
38
49
40
52
42
55
36
46
21
35
45
45
31
63
52
22
35
42
49
37
54
47
60
40
36
58
40
56
36
43
33
67
46
49
63
67
47
67
47
48
46
34
34
49
43
38
62
44
53
40
41
63
35
62
31
58
29
21
53
41
68
119
73
39
44
60
36
31
41
35
35
35
62
52
35
66
51
58
37
38
87
42
34
25
30
55
50
48
48
31
37
35
63
43
41
58
43
64
54
38
23
38
43
51
52
54
47
42
28
28
42
62
68
35
20
27
40
49
46
32
46
25
43
39
67
43
20
30
60
49
31
25
39
39
81
20
58
59
61
46
54
51
33
40
55
32
32
44
36
42
38
33
32
90
55
59
26
56
56
70
37
39
80
48
37
30
39
50
51
33
45
36
23
59
40
51
31
47
45
40
40
38
48
49
40
58
33
56
53
38
56
34
44
57
39
39
30
37
42
39
101
43
45
29
54
45
61
48
41
23
33
27
25
36
32
47
38
41
43
33
41
48
30
28
42
31
36
99
40
32
46
73
41
61
60
34
56
31
59
49
57
40
31
23
55
79
23
32
26
41
46
33
60
51
66
47
44
31
42
18
51
37
33
27
30
35
51
48
41
36
55
41
24
34
23
32
29
30
31
34
35
41
25
45
48
24
51
46
24
43
50
22
25
23
48
17
30
80
48
30
28
27
30
32
23
32
30
29
31
41
26
30
32
52
31
15
26
30
38
35
32
33
38
26
40
53
34
27
38
30
31
19
29
32
23
34
27
28
30
16
20
24
9
25
13
15
25
34
42
27
39
29
25
15
32
16
28
24
19
23
39
23
15
26
30
27
23
14
24
21
41
40
22
40
26
24
33
45
30
16
23
25
18
14
35
33
33
26
13
25
26
18
27
22
17
41
25
23
39
16
26
52
21
16
26
24
28
17
11
41
20
17
17
31
12
12
15
32
25
40
21
7
25
8
3
24
10
11
15
8
10
17
28
18
23
13
16
6
24
18
23
24
19
6
12
15
19
32
9
13
16
10
15
11
39
7
7
28
18
13
16
4
8
23
10
9
8
32
8
6
6
12
11
10
22
38
12
24
7
19
13
13
20
22
14
8
18
10
24
16
22
13
7
13
13
17
11
11
10
11
10
6
10
13
9
10
4
45
12
7
15
9
11
6
5
7
17
8
8
9
16
7
8
2
10
12
9
10
10
5
7
20
13
9
15
13
7
7
10
2
10
8
7
8
35
5
10
4
7
9
4
2
9
16
15
13
3
19
4
4
9
4
7
10
10
9
10
8
3
3
5
14
4
7
10
20
15
5
12
4
11
20
12
10
8
5
15
7
17
7
2
3
3
9
4
8
2
3
13
8
9
4
8
7
5
7
7
2
14
6
17
3
7
0
2
7
2
10
4
10
8
11
1
5
5
15
1
24
7
11
5
2
15
12
8
5
14
9
9
6
18
8
3
11
7
15
4
10
6
6
14
5
15
4
11
18
13
6
5
8
4
8
10
7
7
13
10
0
7
1
7
15
5
15
2
3
3
22
3
9
10
5
13
22
16
13
17
1
4
17
7
4
6
5
13
18
19
16
6
8
6
7
9
7
10
11
9
3
7
14
17
9
31
10
18
17
11
17
5
6
9
8
5
12
30
13
6
4
9
10
8
13
30
8
17
12
15
24
15
15
14
25
38
9
14
15
23
6
24
21
18
13
11
16
23
11
10
14
8
20
14
15
37
20
11
14
32
24
11
20
5
9
16
7
10
15
11
9
28
18
17
21
26
9
19
32
18
13
41
29
17
19
24
21
30
18
11
23
25
27
18
23
23
32
19
22
46
22
18
44
20
36
34
16
27
17
26
33
32
15
16
30
24
35
28
30
36
24
26
33
26
38
21
27
19
30
32
18
33
32
15
40
36
32
26
40
33
43
25
26
19
30
41
25
28
50
33
32
28
23
43
48
44
42
37
34
50
51
38
61
51
36
70
32
45
32
40
43
33
53
39
101
62
45
65
61
65
50
27
35
44
49
84
62
38
28
64
37
34
44
52
39
54
32
77
45
65
31
54
32
86
43
43
50
54
64
66
38
46
62
53
54
39
41
37
49
78
44
38
48
62
77
81
58
43
75
65
63
51
78
68
69
48
78
56
82
20
94
54
75
39
61
66
70
64
67
54
61
56
56
52
66
86
47
62
53
52
43
48
47
63
56
56
42
58
31
59
57
52
52
46
49
63
58
40
67
85
63
62
56
69
59
70
44
88
32
44
75
48
86
52
37
77
50
57
84
59
46
53
81
47
41
83
100
68
61
77
93
151
72
51
70
74
69
55
85
73
96
56
108
38
60
71
87
75
45
77
43
86
60
70
78
46
59
90
75
85
71
69
50
68
82
83
62
56
59
96
73
55
65
65
64
63
49
43
69
38
109
84
65
102
54
86
86
74
46
36
65
71
80
68
62
70
64
77
62
61
57
78
102
60
54
70
40
66
76
83
74
51
64
58
92
68
64
52
79
69
95
34
62
44
78
81
67
74
75
81
60
45
62
58
73
96
56
105
96
56
68
56
82
51
50
90
41
51
57
48
96
73
98
66
91
61
44
68
77
57
64
75
62
71
63
91
48
57
74
89
62
63
82
75
77
66
60
78
102
66
64
74
91
87
95
52
68
72
76
45
47
54
102
86
114
65
62
64
70
74
78
49
94
85
71
58
47
61
60
55
41
50
69
123
48
56
62
49
25
61
51
41
48
74
90
58
52
63
47
45
72
46
121
50
52
61
43
62
64
62
37
76
73
43
50
49
55
55
43
36
50
46
76
63
69
50
67
59
57
47
82
42
59
70
74
53
53
62
72
56
50
71
81
76
69
47
74
68
56
61
88
70
54
80
26
50
75
59
69
97
51
33
55
65
57
80
100
58
58
56
76
58
60
67
66
95
56
103
84
49
41
61
53
99
89
44
71
101
85
55
75
64
59
68
72
53
40
83
55
53
32
43
36
52
50
68
46
46
27
69
60
64
51
42
65
72
58
71
65
51
51
60
69
42
77
43
39
99
85
88
51
97
53
48
61
66
52
53
41
97
57
35
38
51
72
87
101
43
54
66
51
94
63
35
84
38
61
55
79
37
47
32
48
50
41
53
46
37
107
112
105
36
39
61
20
82
27
34
46
53
36
36
35
34
70
69
45
49
57
43
44
43
53
66
45
75
84
32
38
25
43
29
47
39
41
58
55
32
85
43
35
30
40
53
49
41
23
21
31
27
53
36
42
63
45
31
62
58
53
35
72
47
55
46
42
74
46
32
85
32
58
66
68
66
45
32
64
29
66
58
69
77
42
55
41
54
52
43
45
54
60
51
31
41
60
36
51
45
39
44
49
49
57
51
46
43
71
34
36
19
42
35
35
53
40
34
27
52
41
56
34
18
70
37
36
57
61
51
41
56
19
30
29
35
68
34
35
37
35
32
46
46
40
25
47
30
25
62
50
35
44
43
37
24
49
47
25
71
35
30
37
38
39
47
30
27
42
51
29
16
35
37
35
81
29
52
69
35
43
30
41
39
40
32
48
36
69
27
32
31
21
23
34
36
43
28
48
39
76
53
39
46
44
30
10
29
42
32
78
37
38
34
30
72
22
33
34
40
49
48
46
22
33
35
40
33
30
25
53
32
28
27
77
22
35
55
33
45
26
34
36
29
44
52
52
62
39
65
67
37
39
30
51
35
31
61
32
38
39
54
47
38
22
43
29
33
22
29
32
31
24
68
20
50
35
34
41
60
36
46
61
34
44
33
59
35
18
23
24
58
18
46
29
23
25
27
38
29
32
30
52
45
31
37
51
27
44
28
28
40
27
40
28
41
35
33
39
49
43
41
29
22
27
22
40
57
40
25
75
43
36
18
41
64
20
45
22
17
24
33
13
34
14
31
24
21
22
25
35
39
33
46
33
49
20
24
38
27
21
38
37
29
35
43
49
35
29
29
60
19
29
35
25
15
19
32
48
17
22
22
26
25
31
23
18
33
40
34
47
19
19
38
28
47
31
25
35
16
16
17
14
10
41
43
26
21
36
23
19
17
31
29
31
24
21
18
17
37
22
25
25
34
30
39
14
24
24
29
20
28
18
14
21
9
12
61
30
20
21
18
15
25
24
16
22
11
20
35
21
8
19
25
14
11
39
10
17
8
21
20
21
23
20
18
26
15
22
23
29
10
31
34
20
7
32
21
14
34
13
21
18
16
14
10
13
23
10
15
13
13
15
11
38
22
16
11
26
9
24
14
12
14
22
19
12
13
36
27
13
7
22
22
15
9
19
19
7
19
13
9
1
14
8
9
12
20
8
13
9
8
10
11
13
24
6
16
11
11
7
13
11
5
12
7
4
8
9
7
28
11
4
8
11
6
21
3
9
2
5
21
25
9
15
12
3
10
19
16
8
15
2
9
7
6
7
7
11
5
14
6
8
19
4
7
6
12
3
4
2
5
13
5
13
4
11
12
12
17
10
15
7
3
17
4
8
10
4
12
11
0
1
7
8
8
6
2
3
9
5
6
8
0
5
6
2
6
4
1
5
1
6
2
1
5
4
5
1
10
1
8
6
6
7
1
1
2
6
6
6
4
7
8
8
10
7
5
5
5
7
5
4
8
13
4
5
4
3
5
3
7
3
15
5
2
2
0
6
7
8
4
5
1
9
4
4
4
2
5
5
0
3
4
5
9
22
1
3
1
6
2
10
7
1
2
2
3
2
7
1
10
2
10
1
2
1
9
7
0
14
8
3
6
11
16
2
2
7
9
9
0
3
1
8
7
5
11
2
10
2
10
8
3
9
2
21
5
1
11
2
5
1
20
6
12
9
5
3
1
5
1
5
2
5
2
4
2
1
1
11
1
2
7
11
13
5
2
3
9
3
15
4
11
0
6
4
14
18
3
27
4
16
5
11
12
4
14
4
3
5
9
6
18
17
4
20
10
7
4
15
19
13
3
5
7
15
8
7
4
8
17
15
10
7
10
7
2
6
21
13
16
18
19
13
19
4
5
28
5
9
17
4
26
14
17
21
14
19
24
2
9
29
30
6
5
17
14
27
15
7
9
26
12
10
24
12
11
16
14
17
26
6
11
21
27
31
25
29
26
20
26
20
21
22
42
35
23
16
11
33
18
24
20
43
25
27
21
14
16
22
37
27
40
18
50
20
13
38
23
22
25
22
11
22
58
41
35
33
36
24
22
21
26
18
30
24
27
28
31
32
29
27
27
58
40
30
26
27
14
27
32
28
20
39
36
32
36
51
28
22
20
19
36
59
23
51
36
50
36
51
39
44
37
48
39
45
28
31
28
29
37
31
34
67
67
30
51
36
45
26
50
31
34
73
27
64
47
39
34
35
75
57
17
42
16
29
30
36
41
37
44
44
78
46
47
40
43
37
54
61
43
55
43
32
48
69
34
50
50
61
78
30
67
39
45
42
61
55
44
35
53
38
41
76
48
53
66
48
36
38
47
38
42
32
71
69
41
48
68
46
51
31
39
35
34
78
75
78
38
63
68
88
62
52
71
41
64
49
43
51
38
38
57
51
47
93
55
57
93
65
50
67
46
49
69
63
56
50
44
74
34
56
55
65
39
50
45
50
48
74
44
63
57
42
56
50
57
63
63
63
66
33
51
57
50
49
35
53
62
51
62
60
49
55
66
88
61
57
62
27
64
65
69
61
63
66
87
66
67
40
71
65
45
37
53
72
87
78
51
44
56
55
74
45
65
55
63
102
45
77
47
74
82
70
100
30
80
63
65
46
53
38
52
59
36
61
54
55
63
54
62
80
44
76
36
74
57
48
45
69
61
36
51
60
30
45
39
44
58
65
58
62
61
72
53
73
36
75
44
123
54
60
48
54
64
44
89
37
81
72
54
60
57
38
76
47
41
50
80
64
64
52
56
95
64
58
71
76
49
73
51
51
52
53
65
67
77
48
47
42
75
47
68
51
66
42
65
52
70
38
51
71
57
42
36
45
53
46
43
53
53
51
53
38
38
69
53
55
51
57
44
51
66
31
79
82
53
86
75
65
55
89
29
40
64
60
58
39
82
43
68
49
84
54
54
58
88
59
50
52
61
29
47
42
29
40
50
65
75
54
65
67
71
75
57
40
69
42
28
45
49
59
55
72
39
80
59
78
52
78
50
81
44
46
76
67
42
76
42
59
42
83
89
55
67
62
49
74
61
43
51
62
62
48
49
73
51
39
48
32
59
51
75
44
36
49
36
47
60
37
91
59
45
60
51
41
41
31
28
43
48
61
69
36
47
54
52
56
32
36
59
65
57
63
45
50
45
74
53
59
41
67
88
52
66
58
52
26
33
58
67
35
74
31
38
43
49
48
46
69
50
36
69
36
67
43
53
77
42
60
47
34
46
36
55
68
37
45
62
45
37
42
51
68
50
45
60
52
40
47
63
41
71
64
43
40
34
46
41
51
40
73
38
46
27
42
67
45
35
63
49
40
38
24
36
48
62
44
37
57
44
32
42
38
38
37
34
61
64
62
38
30
48
36
31
27
53
48
56
42
45
59
59
40
65
42
51
37
75
35
55
33
53
22
33
38
40
34
42
25
43
39
31
38
35
57
25
42
58
37
29
36
32
38
21
30
39
42
36
27
38
20
35
59
38
33
23
63
48
15
40
44
33
52
51
25
45
44
37
46
40
22
25
48
42
33
29
38
39
36
45
30
58
32
29
35
53
37
58
35
23
33
55
30
22
55
29
27
26
55
50
29
40
29
15
56
43
34
29
43
40
30
54
55
39
29
27
46
17
35
41
38
45
35
36
53
44
24
33
23
53
26
28
31
21
43
40
43
54
34
55
47
27
27
47
46
80
53
42
51
41
36
47
39
38
44
55
32
38
40
34
39
43
31
49
32
36
24
34
29
28
26
34
29
32
43
54
36
19
18
51
41
39
38
47
26
44
38
39
23
55
16
48
46
58
25
30
36
43
37
30
25
18
24
23
38
49
52
34
40
31
43
26
28
47
42
33
20
35
43
55
34
47
33
25
27
41
34
35
38
23
32
29
24
55
19
37
29
21
27
25
28
35
26
66
35
68
54
65
31
28
44
28
42
63
40
26
47
46
28
29
23
54
30
98
42
49
54
23
22
23
37
58
16
41
21
18
23
20
60
37
21
36
38
27
35
36
32
31
19
11
15
24
20
33
42
21
30
35
52
24
27
13
40
18
16
29
37
22
24
23
45
30
32
25
25
34
20
22
21
34
18
14
30
30
44
12
41
33
36
31
24
38
20
29
17
16
17
37
13
24
32
39
43
18
17
22
19
21
31
24
25
37
40
17
9
23
26
11
23
25
21
19
15
24
4
12
16
24
30
24
23
22
25
14
29
37
18
13
29
15
19
21
13
12
19
16
23
31
18
19
7
26
23
22
22
10
35
15
43
31
11
17
29
12
16
10
18
9
24
22
14
18
14
14
30
28
10
12
6
14
19
20
11
20
13
14
21
13
10
15
9
17
17
7
15
13
22
20
16
4
18
10
11
4
23
15
10
11
4
21
22
8
22
5
10
21
6
6
13
15
29
4
4
17
19
15
25
17
9
5
10
7
8
9
9
30
14
6
23
6
12
7
11
17
7
5
4
11
27
7
16
10
7
6
21
7
8
30
8
21
17
20
17
10
12
6
11
4
4
16
3
13
4
6
0
14
5
4
14
7
3
14
7
4
34
3
8
8
15
10
21
2
7
8
5
5
8
7
15
3
10
3
11
7
6
1
5
6
4
24
31
12
5
3
10
20
10
8
2
5
3
9
7
3
3
7
14
8
9
9
2
4
4
2
18
7
4
5
1
3
5
10
6
2
55
4
1
3
1
1
14
16
4
3
2
1
5
3
5
4
9
2
9
4
18
16
5
2
6
5
3
3
6
1
0
3
2
9
1
11
24
2
1
7
1
0
0
5
1
3
1
4
9
2
8
1
4
1
4
1
2
5
3
7
3
2
2
7
4
3
4
4
3
1
7
5
3
2
4
5
2
10
7
2
1
3
5
5
1
4
6
4
4
2
6
10
8
3
7
11
8
9
4
1
1
10
12
3
5
2
8
1
3
5
1
4
6
6
5
3
5
2
7
10
1
3
3
9
2
3
4
1
2
3
3
4
4
4
8
30
11
5
2
3
10
9
1
20
4
6
2
1
2
8
11
9
11
2
7
7
4
2
2
3
1
23
9
11
18
84
3
3
7
10
5
9
7
11
4
3
9
3
4
4
3
14
4
5
12
5
10
11
16
11
4
10
28
12
12
8
20
5
7
21
6
7
12
11
14
6
15
33
6
15
18
13
7
28
4
8
16
15
24
12
15
12
15
29
9
9
16
21
16
9
18
6
11
11
15
13
9
14
31
10
19
35
14
20
11
16
34
21
13
3
40
20
18
37
11
24
22
20
11
13
11
28
25
23
3
24
18
18
33
16
30
10
13
26
35
30
14
29
26
33
15
26
30
25
35
25
33
27
33
24
17
148
64
20
24
32
24
22
17
36
31
41
26
20
19
21
19
37
33
33
41
22
10
37
35
26
27
21
41
40
33
31
30
29
34
36
19
35
33
25
29
41
43
18
35
25
42
25
36
26
42
29
34
22
34
51
27
33
34
52
45
41
32
22
88
32
33
41
17
49
31
19
26
25
50
47
52
68
39
54
47
46
45
45
29
65
34
30
42
35
36
31
53
35
65
35
59
49
35
38
43
41
34
32
38
50
48
32
44
43
53
39
42
47
20
61
28
37
44
34
48
61
34
37
30
52
47
54
50
62
60
49
53
78
84
31
65
42
53
43
41
43
64
68
32
23
31
32
55
51
29
48
55
43
51
27
35
46
43
51
63
64
45
43
63
64
50
70
53
39
56
72
42
82
53
88
64
47
40
46
74
53
72
40
57
78
64
49
43
58
55
50
47
70
73
77
40
52
47
62
59
39
59
57
73
46
56
58
60
61
79
50
41
48
56
42
54
66
61
51
44
57
50
39
48
38
54
42
54
113
43
25
27
41
67
48
79
46
71
52
57
46
61
73
73
78
48
58
64
55
47
71
58
68
48
80
44
66
40
98
54
47
55
85
62
41
68
70
65
40
36
61
56
59
54
49
57
64
70
59
48
39
71
55
55
81
46
58
58
56
53
56
43
35
95
44
36
51
47
46
85
52
88
43
82
46
43
65
77
59
47
55
52
77
39
104
44
62
55
41
64
39
55
46
59
45
66
32
63
57
47
58
61
64
44
45
66
29
59
71
49
49
75
56
53
59
54
48
89
40
58
47
40
56
82
52
73
28
76
50
31
74
67
48
64
50
57
65
47
77
39
59
61
68
52
61
81
48
41
53
42
37
35
54
60
45
64
44
54
89
38
48
67
89
59
50
60
42
90
38
73
55
82
37
56
54
31
49
66
51
59
68
49
79
73
54
66
58
70
48
61
67
46
39
57
78
51
43
42
50
48
58
31
61
76
40
41
69
27
57
52
38
55
61
42
83
30
80
59
74
43
58
55
54
56
66
64
55
57
70
49
39
61
51
72
43
69
39
66
48
63
61
55
43
44
73
48
45
65
43
55
32
45
29
35
45
60
48
49
41
43
61
54
52
39
48
63
63
36
57
53
56
44
36
44
39
44
45
80
55
45
58
51
45
58
39
54
38
51
58
47
34
62
51
41
45
38
36
47
80
42
58
45
55
38
45
30
49
55
46
34
61
41
39
28
45
78
53
74
36
53
38
55
36
44
56
37
41
49
37
42
38
38
45
28
59
83
63
62
46
35
34
42
39
57
97
42
44
34
72
44
56
53
55
47
67
39
60
53
53
32
44
54
59
38
69
29
39
75
14
37
47
50
51
35
49
50
39
33
61
27
59
75
66
32
58
54
26
38
55
45
31
25
36
57
31
41
57
38
38
54
37
47
82
34
52
33
50
28
47
41
34
66
44
31
56
60
36
40
35
53
27
61
24
43
40
59
65
48
51
47
63
44
24
47
43
45
46
57
56
33
38
48
51
46
37
60
46
43
42
41
46
40
35
54
31
51
67
98
44
27
35
72
35
41
31
32
48
49
30
48
49
46
36
49
48
38
36
37
55
46
50
70
38
34
62
46
44
43
38
40
58
39
46
40
39
52
71
44
30
43
25
39
51
35
33
48
32
52
52
24
31
36
38
31
35
35
29
36
31
35
25
27
37
34
45
33
48
57
44
37
67
25
40
52
50
33
25
45
46
37
32
38
43
40
38
22
35
44
68
27
36
33
62
36
31
69
57
53
22
44
45
40
48
39
32
41
34
62
73
36
35
19
67
48
24
41
27
63
28
55
44
33
52
36
50
50
45
36
28
45
34
35
21
61
83
30
27
39
34
41
48
58
28
33
31
21
51
35
19
24
39
18
31
31
31
39
22
58
24
25
37
21
39
52
13
24
21
46
27
26
28
44
55
34
26
39
31
34
20
29
20
54
32
33
22
49
51
52
32
17
23
34
26
18
55
51
25
23
29
38
28
30
22
27
22
19
29
40
41
13
35
43
16
20
36
37
25
19
14
17
28
28
22
25
38
23
46
17
26
16
14
23
22
24
35
34
24
36
29
17
25
21
39
9
26
24
31
20
9
31
19
11
22
27
34
22
19
27
13
24
10
13
28
19
21
33
31
39
25
27
27
18
23
19
3
64
25
31
21
20
17
23
37
22
43
14
27
26
13
16
9
34
12
25
11
15
9
11
21
15
22
30
7
6
13
7
11
19
15
19
19
10
9
15
13
20
19
5
14
19
17
12
21
7
12
12
8
8
17
31
16
11
33
19
16
2
12
5
7
10
15
16
6
5
9
15
3
9
13
4
8
10
17
6
15
10
18
17
5
17
12
14
14
10
6
8
9
4
7
6
5
7
15
20
19
19
5
5
10
18
7
19
14
7
7
6
5
3
7
23
9
7
9
8
9
4
6
17
9
9
6
1
7
8
29
25
3
20
6
5
9
16
6
11
7
3
3
3
8
9
3
9
6
3
12
14
8
13
2
14
1
3
5
19
4
2
11
4
5
0
4
0
18
11
9
10
11
3
9
7
1
6
2
4
9
8
1
3
1
9
4
2
6
6
7
21
20
2
3
4
12
0
9
3
2
7
8
1
1
9
3
5
2
6
7
4
5
1
4
10
1
3
1
4
0
2
10
3
3
4
3
0
4
6
14
1
2
8
6
2
6
8
7
3
6
0
4
2
3
1
5
14
5
6
1
2
2
3
0
6
4
1
2
6
7
1
9
4
5
6
4
6
2
1
3
1
9
4
4
8
0
1
2
3
5
9
3
9
19
11
4
6
12
7
4
4
13
15
8
1
7
7
5
3
8
26
6
12
27
3
14
33
20
22
4
12
8
5
9
5
1
23
10
2
5
11
5
4
8
2
22
2
10
5
14
41
4
5
9
13
22
7
31
10
5
16
10
1
13
15
6
6
9
8
14
31
17
6
11
15
3
26
18
5
13
11
12
12
32
16
27
19
21
11
7
14
7
14
2
17
6
13
9
20
22
17
15
26
16
18
14
14
11
7
8
13
16
22
13
12
19
16
13
12
10
35
24
22
17
15
11
12
39
20
18
17
12
20
12
30
27
15
10
21
11
18
27
11
15
27
16
20
20
23
30
28
37
21
31
14
16
35
34
18
23
47
11
21
48
23
24
18
34
21
37
13
29
39
25
32
26
22
28
26
20
21
40
19
22
24
20
34
19
34
29
24
15
23
24
31
42
22
25
29
29
41
59
40
29
35
20
35
20
26
36
22
38
23
29
26
41
39
52
70
40
35
34
65
15
36
70
48
28
31
19
38
47
57
44
71
34
42
26
37
27
60
66
63
36
46
52
34
46
59
48
27
37
35
45
43
46
24
54
62
88
29
39
38
40
40
36
40
56
57
41
53
77
33
40
31
43
55
40
44
82
48
55
41
49
45
66
58
55
93
55
47
75
63
30
52
66
47
63
36
44
42
52
44
47
40
39
58
42
70
59
52
47
97
45
41
73
79
82
71
50
44
94
47
71
37
62
41
70
65
38
69
85
53
47
51
72
63
59
58
80
73
101
77
44
53
45
76
66
94
44
77
67
51
77
60
51
100
75
48
53
69
49
40
68
82
37
72
50
48
60
55
57
41
39
44
77
64
75
46
62
71
89
43
73
46
61
47
53
55
56
52
116
58
86
92
63
47
90
50
43
55
66
132
63
46
53
55
58
52
65
50
67
48
49
31
53
46
52
57
76
69
62
49
31
53
40
65
57
41
63
33
68
46
38
46
41
62
79
64
54
70
56
39
63
50
34
68
100
60
52
54
88
41
58
51
71
53
46
39
60
44
75
55
69
71
107
69
86
49
68
58
66
52
61
63
55
62
85
68
44
47
63
54
42
45
46
44
53
68
92
40
57
58
65
83
53
51
71
49
50
72
65
101
66
66
65
90
82
57
59
72
60
69
32
62
76
67
62
46
47
60
58
64
69
51
67
43
89
80
104
99
46
25
58
70
108
49
55
69
40
75
48
38
54
44
52
65
63
53
54
74
36
57
79
67
41
58
39
72
47
24
44
38
50
62
46
62
57
33
47
56
35
47
38
52
58
51
62
71
67
63
58
70
61
49
77
78
51
47
72
38
43
50
101
56
59
81
59
54
63
36
58
83
87
80
81
79
62
81
67
56
73
37
59
55
50
92
52
56
69
36
57
52
61
55
74
64
87
77
46
69
44
61
48
57
67
82
116
47
43
39
57
73
73
37
52
63
46
43
55
39
53
50
59
53
39
41
75
34
64
87
79
24
69
67
38
56
49
42
38
58
24
42
41
52
48
41
50
51
49
51
63
40
49
56
60
55
39
46
50
64
70
44
51
75
43
43
71
45
34
56
58
46
68
83
73
56
36
37
38
48
46
49
38
51
57
41
32
46
29
59
47
56
82
49
54
63
49
61
65
34
39
51
43
40
42
37
47
41
58
40
51
36
50
55
28
43
29
48
51
27
38
53
35
44
55
36
50
35
82
39
44
49
56
65
28
62
30
66
47
38
43
28
64
46
50
39
24
50
65
44
56
38
55
33
65
63
33
55
56
52
32
65
45
65
53
60
53
44
63
76
27
78
63
71
58
32
45
68
44
79
68
70
63
73
98
65
82
78
79
76
80
80
92
66
77
52
85
63
91
79
76
91
73
90
71
102
49
88
84
73
139
66
65
99
77
60
109
60
68
78
63
86
59
58
102
109
98
87
82
80
72
50
73
103
66
88
69
64
80
96
87
73
79
82
71
91
82
93
99
65
80
81
124
90
85
90
91
81
85
67
70
90
121
125
66
74
78
82
60
71
71
96
98
81
68
65
84
118
86
70
54
103
53
84
69
89
68
53
46
83
72
74
184
62
80
65
66
60
60
47
74
78
75
97
76
55
67
86
63
66
67
62
75
54
116
63
51
55
76
73
67
58
33
59
45
57
54
51
67
72
88
68
78
64
86
85
77
57
65
84
64
59
61
67
78
61
67
60
53
94
53
64
59
41
87
48
48
64
38
67
64
92
45
84
51
67
83
63
44
50
29
51
54
75
54
57
68
88
54
49
70
38
96
55
50
60
72
57
59
46
70
71
49
46
55
52
64
54
55
58
57
37
34
48
59
61
51
62
60
61
33
46
26
44
56
42
38
54
77
43
57
53
55
45
42
43
33
51
41
73
31
35
49
43
56
32
36
41
46
42
52
51
35
30
26
49
48
36
52
48
39
41
71
45
27
27
29
43
39
50
78
48
55
22
52
31
22
31
31
33
41
31
48
19
41
25
41
24
29
39
32
21
34
30
45
57
26
34
31
40
37
17
48
24
34
41
22
34
22
34
50
37
31
20
28
25
36
20
21
27
21
70
19
37
15
17
28
29
24
18
22
33
15
22
28
30
25
27
21
36
14
23
29
13
19
42
34
28
12
17
21
29
20
19
25
18
38
27
24
19
28
44
20
60
17
20
23
37
28
23
8
7
5
14
31
16
20
28
18
16
7
15
21
17
18
14
28
10
24
4
24
11
14
10
25
15
12
16
12
11
11
13
35
25
20
2
8
30
15
6
15
10
12
15
24
7
16
14
20
22
11
17
22
14
12
16
22
7
34
4
7
19
5
11
22
23
16
15
16
9
10
9
11
5
4
20
6
4
21
14
3
4
13
4
1
8
2
2
22
7
6
6
6
12
9
6
17
6
20
18
2
6
21
14
3
3
13
16
8
19
10
12
11
3
9
6
6
4
8
9
9
9
13
6
13
6
4
23
5
20
6
5
3
5
14
5
11
16
11
9
17
3
3
2
5
2
10
13
3
3
2
5
12
5
19
7
4
7
9
12
3
2
7
10
6
5
5
3
3
6
5
1
9
3
15
12
10
6
2
6
9
4
3
1
6
6
3
10
11
5
3
19
3
3
9
4
9
14
4
5
8
2
7
4
5
13
10
9
7
7
10
4
6
6
13
2
6
0
4
0
3
5
4
6
15
7
14
11
10
6
6
5
2
0
1
11
8
5
3
3
1
7
3
4
12
2
6
12
2
8
2
12
6
5
13
20
9
7
13
32
4
10
12
6
10
8
4
12
10
11
8
14
11
1
11
9
8
1
6
9
5
6
8
6
14
13
8
5
15
6
8
8
14
6
21
16
10
14
18
29
9
17
11
18
13
13
7
14
10
11
25
5
15
9
23
15
16
12
12
15
7
12
10
10
15
19
11
20
16
10
13
14
21
18
8
17
20
14
14
20
19
6
28
26
27
15
16
16
12
17
14
36
15
20
12
31
28
34
26
5
26
18
14
17
21
28
44
17
19
26
25
33
52
20
32
16
32
35
27
8
34
35
24
28
16
28
35
29
18
31
21
28
25
24
20
36
41
23
23
34
27
40
25
17
18
38
49
32
50
23
31
37
38
32
33
37
22
37
26
20
17
48
22
38
54
31
41
26
53
41
28
29
26
47
28
44
34
35
24
32
33
30
30
45
69
44
50
39
46
48
40
55
36
23
40
43
47
50
47
55
38
60
41
45
58
60
34
44
38
35
60
53
34
37
26
67
39
86
65
53
43
64
64
38
65
47
27
57
57
33
63
54
65
52
50
45
60
58
47
81
40
47
31
62
36
48
63
44
30
66
70
78
50
60
75
40
53
62
65
48
73
48
47
80
37
69
65
169
99
52
60
93
47
50
63
82
60
54
58
64
51
73
83
68
59
77
41
52
78
65
89
81
53
91
55
97
76
79
58
81
71
77
86
55
57
47
72
74
65
62
76
49
63
55
77
88
137
46
75
51
87
66
70
61
77
55
58
38
56
35
50
91
83
73
82
77
42
93
37
63
65
66
29
68
72
59
58
63
59
62
41
59
56
40
38
54
47
77
49
75
53
141
59
71
77
63
67
72
74
59
61
83
55
60
52
83
63
71
65
69
51
49
49
47
45
91
60
122
52
58
52
88
55
63
102
66
68
79
79
82
68
36
56
68
73
52
55
73
122
63
86
77
44
67
56
75
72
60
72
55
61
98
82
67
72
58
86
62
75
39
61
63
97
71
54
51
65
45
80
63
86
93
86
47
59
113
74
63
37
62
32
72
72
53
63
61
70
59
63
67
53
84
60
65
51
56
93
43
60
67
53
49
83
62
43
59
40
91
57
53
84
56
65
64
66
51
63
79
41
41
75
61
62
56
72
64
53
45
76
64
75
53
50
53
54
44
41
55
60
58
87
74
98
41
53
63
62
48
76
36
76
34
76
84
87
58
46
57
55
48
59
63
58
69
33
48
92
44
55
46
43
61
41
47
44
73
63
64
78
63
49
29
56
43
47
80
76
53
53
60
57
56
45
57
81
66
74
60
51
88
72
41
56
52
49
51
52
41
70
38
34
56
52
58
57
49
86
60
68
74
56
43
78
39
57
70
36
50
83
81
59
39
35
54
58
57
45
41
97
53
48
69
66
79
50
32
68
70
48
43
81
55
50
48
47
64
28
44
31
40
54
30
37
66
46
52
75
40
71
97
61
45
38
55
50
37
39
32
59
110
41
55
54
66
44
53
83
72
75
76
42
52
36
41
59
90
85
50
46
47
64
60
128
42
144
51
40
66
28
49
50
61
54
48
59
54
74
57
46
60
38
44
47
56
54
42
39
57
49
74
56
43
44
65
64
30
62
36
59
41
32
50
68
49
33
100
30
53
41
41
29
25
46
46
35
38
49
35
35
29
37
42
41
36
41
49
57
33
28
63
38
56
60
55
38
46
38
43
54
76
37
33
43
53
29
52
37
52
53
75
68
40
43
38
26
46
56
47
54
56
25
44
55
42
58
29
29
29
58
34
39
59
68
30
42
36
51
45
22
43
32
37
46
31
42
36
45
35
39
52
37
56
42
36
31
18
46
64
45
67
55
31
36
37
39
52
44
33
47
43
48
38
39
39
58
43
52
30
50
38
39
26
53
62
36
45
33
69
50
44
32
46
59
42
68
48
42
38
66
49
44
50
41
52
57
66
38
44
60
35
38
70
42
32
30
42
46
53
50
34
52
49
58
38
31
25
50
41
39
53
54
52
42
27
59
51
34
21
40
52
71
51
22
72
42
31
54
45
35
77
59
34
51
32
37
27
48
38
59
45
48
26
44
32
47
40
55
54
33
58
52
34
57
69
40
52
27
60
36
64
45
25
79
37
38
52
44
38
38
69
41
45
29
24
46
39
28
58
33
62
39
58
45
57
48
66
34
78
38
42
74
40
48
49
30
57
55
35
57
27
44
64
49
45
44
60
37
54
38
30
42
31
33
50
70
54
39
73
50
42
56
44
52
27
64
42
21
33
42
26
52
46
46
47
32
63
50
35
49
47
40
48
27
25
32
33
37
60
25
51
51
54
52
42
28
91
44
45
61
62
26
46
21
22
33
80
41
35
27
32
25
25
44
27
19
22
36
21
25
40
15
49
35
56
23
25
33
47
19
42
34
33
31
40
26
24
19
46
25
25
49
19
43
15
22
43
41
26
32
24
22
13
41
19
18
28
27
24
18
21
28
17
42
39
16
20
26
9
21
22
40
46
23
32
17
25
24
43
9
41
26
6
17
24
9
26
19
17
16
20
14
18
18
27
13
26
35
28
25
26
20
18
25
17
28
20
13
18
32
28
15
16
7
25
33
15
42
12
29
28
26
21
15
20
16
10
16
14
10
47
8
8
15
14
10
13
36
11
24
15
34
16
13
14
14
33
16
11
25
28
25
20
13
18
28
20
9
13
23
11
15
22
5
21
18
14
6
21
35
2
4
22
13
9
14
17
14
14
7
13
9
11
7
2
11
26
14
16
15
6
10
13
12
5
10
6
13
12
13
21
8
11
18
17
7
7
11
4
3
9
6
5
14
7
4
13
16
16
9
3
15
4
7
7
8
16
17
14
6
18
18
10
10
6
27
8
2
11
10
4
4
7
17
8
8
17
19
3
9
5
8
3
5
18
12
9
3
11
2
9
6
2
5
4
15
27
2
6
2
3
2
8
14
5
11
7
5
6
2
6
7
7
2
11
0
3
2
8
1
2
9
7
16
3
1
4
11
4
1
4
6
1
10
3
2
8
0
12
6
1
6
17
0
5
3
6
0
5
5
4
0
0
7
10
10
1
12
2
5
5
5
3
5
8
4
2
3
5
4
1
6
9
6
6
8
7
5
10
4
4
2
0
2
5
3
1
6
0
4
0
8
2
11
3
4
22
8
6
5
3
12
4
3
9
5
2
7
5
5
1
6
15
18
11
6
9
8
2
5
3
6
2
4
2
2
4
15
4
3
2
2
3
7
7
4
3
8
4
8
6
6
9
3
13
9
4
2
11
27
11
8
23
10
16
5
17
6
0
4
9
9
13
5
3
5
4
13
8
12
11
3
7
10
7
18
25
8
5
3
3
7
4
6
9
3
10
15
16
15
18
10
8
12
9
17
16
9
13
3
11
6
25
8
9
21
7
20
11
7
12
8
6
18
12
20
19
16
15
5
15
33
5
15
24
15
12
24
12
28
17
18
9
25
21
26
18
14
14
28
20
32
10
25
17
15
32
20
13
21
13
27
75
21
20
34
17
18
71
19
17
23
11
23
22
39
23
21
34
27
28
22
44
21
35
19
12
15
33
41
8
18
40
22
22
30
31
7
35
36
12
26
26
23
16
17
24
23
32
19
32
41
24
50
31
17
30
47
29
34
38
36
22
37
26
34
24
36
35
43
55
41
59
45
56
37
29
48
40
51
25
29
46
40
43
30
34
52
45
31
47
32
29
51
37
39
35
30
45
53
45
45
33
80
55
29
37
53
45
39
37
32
40
64
29
50
38
24
33
36
45
91
51
43
57
27
54
61
44
36
28
56
59
55
35
50
37
78
56
38
42
39
47
63
53
61
45
35
72
56
42
47
59
36
46
49
62
57
62
38
45
63
51
67
64
52
67
56
62
65
43
30
54
56
44
86
38
41
59
57
57
65
109
57
92
57
76
46
35
46
41
52
83
53
39
74
45
58
62
102
71
60
51
48
58
49
33
50
70
42
89
64
70
45
47
49
73
71
66
54
64
73
51
78
50
60
64
85
44
54
65
67
40
65
44
29
43
52
51
75
66
65
39
56
48
40
50
27
70
80
46
67
34
71
38
105
67
43
58
85
62
77
48
76
74
60
62
72
44
27
39
87
59
50
58
59
74
57
64
61
42
61
48
69
53
66
75
46
26
91
80
61
75
46
63
49
87
47
102
53
46
85
40
66
68
73
45
61
74
64
56
40
41
57
60
44
53
39
61
66
62
54
71
42
40
47
66
46
67
55
84
82
67
76
49
61
73
76
73
81
44
56
41
63
61
59
34
44
27
43
52
37
60
32
57
65
64
57
64
55
30
54
52
67
78
63
61
51
43
75
66
87
69
65
45
93
65
81
63
56
41
60
86
101
23
65
76
31
62
59
59
54
72
57
77
56
51
47
42
62
69
55
36
53
95
81
91
65
72
43
59
43
69
52
82
59
58
98
77
48
61
53
68
69
41
72
79
36
72
60
65
49
87
57
50
67
47
55
52
57
49
55
56
56
65
66
78
63
63
105
61
42
80
83
74
69
59
66
49
81
56
64
60
91
61
70
42
35
62
45
97
65
48
38
85
45
99
45
38
69
57
57
64
80
47
60
60
74
100
36
65
66
91
56
57
54
40
59
50
52
46
50
57
76
60
78
81
77
66
45
62
51
57
31
36
60
57
57
59
57
50
45
52
46
50
86
35
46
48
65
56
53
58
66
48
42
73
57
67
46
49
65
71
95
59
79
71
64
37
69
80
73
50
57
82
68
93
72
60
51
86
80
76
68
65
70
54
40
56
55
54
71
52
57
60
69
74
68
64
53
73
61
53
38
43
47
34
49
47
47
50
36
46
45
50
43
39
41
31
64
40
45
38
57
41
46
98
46
46
46
40
41
43
40
54
75
41
95
46
48
33
34
71
54
24
59
38
37
50
51
45
56
31
35
27
55
57
47
25
49
34
34
34
42
52
42
35
29
22
59
44
35
78
21
75
58
37
73
46
42
30
36
65
42
45
54
39
59
42
46
37
59
59
42
34
45
25
40
46
41
61
49
41
27
31
50
37
39
36
38
47
90
60
43
44
79
38
47
51
35
64
49
31
64
68
55
38
64
49
21
44
39
50
49
45
53
49
60
60
46
34
48
45
50
50
37
66
43
46
58
54
44
36
28
29
39
45
27
35
63
35
28
35
40
42
54
50
67
56
53
39
65
40
31
29
66
58
55
37
54
37
31
42
63
35
37
66
61
35
60
80
56
38
56
39
50
56
48
44
56
36
38
41
56
45
48
53
40
44
56
46
43
27
28
29
38
29
25
63
60
25
34
35
43
22
30
40
37
58
47
62
27
34
47
31
36
51
61
21
70
34
50
48
55
36
46
34
39
38
28
51
41
48
52
25
33
35
48
45
48
44
51
38
33
52
21
44
48
54
32
85
49
47
41
41
68
40
49
43
38
38
47
28
38
32
66
54
50
76
25
42
55
42
75
32
42
36
52
40
37
47
48
27
56
39
38
37
37
33
30
56
39
25
25
43
32
20
37
66
39
31
53
41
23
44
32
37
35
41
47
39
36
34
45
45
41
28
49
34
38
31
52
68
52
27
38
41
30
27
26
40
23
35
46
29
46
21
41
19
40
23
71
8
41
15
24
26
81
23
51
35
26
41
33
18
43
21
28
43
26
23
59
25
41
40
43
24
33
23
15
35
21
34
41
22
22
27
28
41
22
25
28
17
22
27
28
13
31
29
44
26
22
22
23
31
18
20
18
12
23
18
17
18
45
25
41
18
35
35
18
24
19
9
19
25
25
14
40
10
40
13
8
20
13
9
17
40
12
37
18
27
18
25
26
20
23
20
30
18
23
24
18
26
33
11
11
22
12
13
24
13
14
15
16
10
20
16
13
16
18
12
37
17
18
19
16
17
17
30
5
15
23
14
9
20
16
28
42
4
20
14
8
12
11
18
8
24
8
8
9
1
4
1
0
0
0
1
1
0
0
0
0
0
0
0
0
1
0
0
0
0
0
0
0
0
0
2
0
0
6
2
3
8
6
3
12
9
12
14
3
4
2
13
6
16
4
10
8
6
11
1
31
10
9
10
6
4
0
26
6
16
12
8
14
8
9
10
7
18
6
4
14
4
7
5
9
14
11
1
4
4
6
8
11
9
19
6
8
8
6
7
2
10
10
4
7
10
9
5
11
12
16
3
8
12
12
3
4
4
4
16
8
2
14
9
12
5
1
5
17
7
14
9
13
11
6
17
3
6
1
6
0
11
4
8
3
18
4
4
22
7
1
3
14
8
9
5
6
5
4
3
3
6
5
0
2
14
7
7
2
7
9
5
3
6
22
14
2
4
17
13
7
4
5
4
14
0
2
0
7
1
4
0
8
2
5
3
8
8
4
5
2
13
2
3
10
8
1
2
14
6
4
14
4
9
6
13
17
3
10
10
4
4
12
5
3
4
2
5
2
7
8
2
1
4
8
14
8
8
6
5
7
1
2
3
1
17
6
6
5
10
14
10
6
6
5
10
8
7
9
5
17
9
7
11
9
19
8
13
8
11
9
13
2
8
7
10
7
10
8
9
8
7
2
10
5
17
20
11
9
9
7
12
18
21
9
17
17
8
11
8
13
12
9
12
21
10
28
20
11
12
7
23
7
17
15
6
8
20
23
6
6
5
7
6
44
20
7
5
16
16
18
10
42
16
27
7
21
21
25
23
11
13
15
21
27
31
18
13
14
33
15
19
10
33
16
13
36
12
15
23
27
37
19
20
29
16
21
15
29
14
16
37
20
32
35
21
29
23
16
12
13
17
29
18
26
33
15
22
19
16
20
19
12
31
38
45
28
16
27
30
37
30
37
31
28
34
29
26
33
29
52
106
22
40
63
36
27
41
81
42
23
26
31
45
39
138
34
27
22
54
53
24
38
38
60
30
38
52
32
28
58
52
48
51
28
35
49
25
19
47
28
44
57
83
34
55
38
53
78
60
59
37
40
28
45
55
65
55
45
30
57
62
62
29
62
51
25
58
80
34
38
52
33
46
32
50
57
30
37
48
31
57
95
49
52
55
64
40
32
54
48
87
71
53
72
62
98
57
41
78
80
54
87
47
73
54
76
64
35
52
115
85
45
64
46
33
38
48
52
82
60
46
64
40
65
49
58
76
58
70
76
56
78
59
54
62
79
53
63
74
71
56
44
39
57
55
47
82
98
37
74
53
79
35
82
41
47
48
100
59
30
47
53
51
66
52
58
65
65
51
99
38
75
47
45
85
50
91
41
101
49
78
78
94
55
71
74
53
85
55
57
54
60
55
62
68
73
48
92
46
67
52
59
55
54
54
47
61
42
50
105
57
79
68
46
44
44
64
70
52
35
90
53
52
75
53
58
110
49
87
43
78
54
46
63
75
104
41
74
70
58
53
81
61
68
67
82
50
68
48
69
52
63
70
65
82
88
73
58
53
61
43
61
58
122
63
71
64
85
69
55
40
68
50
43
47
65
62
67
50
65
60
53
87
66
44
39
81
52
85
55
73
59
62
59
78
64
52
57
41
73
69
44
63
68
50
72
44
102
49
65
74
86
63
83
70
43
77
44
52
62
61
61
59
63
57
63
75
61
39
93
87
53
50
58
62
62
69
76
138
51
62
70
56
52
66
68
56
46
66
65
38
48
65
49
61
43
48
33
39
74
58
48
56
60
75
56
61
60
51
56
43
42
61
68
61
77
47
42
54
42
49
62
52
34
46
74
61
74
42
59
57
103
81
70
65
68
94
39
56
95
60
68
74
58
46
70
71
96
52
33
79
98
43
60
45
63
98
49
75
69
68
73
35
56
57
76
57
58
65
51
61
59
52
86
51
52
68
44
37
52
71
81
83
51
49
43
53
57
56
92
72
76
33
46
73
86
33
81
64
33
51
59
44
41
58
84
92
56
62
87
72
48
71
41
44
50
38
74
38
61
78
35
87
55
31
39
73
55
62
40
48
67
46
47
61
37
41
87
38
61
56
33
60
37
47
60
62
55
66
69
47
32
74
61
43
47
46
26
46
34
35
49
36
58
36
80
76
60
56
50
39
63
48
47
49
66
39
45
55
69
39
65
58
52
46
53
50
57
43
47
39
45
55
143
38
47
50
36
55
58
44
48
40
114
46
36
25
44
64
44
29
29
67
28
30
23
33
38
33
49
36
34
49
41
40
48
29
24
28
25
27
31
41
15
23
13
35
18
40
37
51
42
47
51
52
25
46
36
54
28
90
58
41
41
59
23
32
61
32
54
46
36
50
46
51
71
54
34
33
42
29
54
56
66
56
40
47
54
39
26
68
63
68
39
70
71
52
44
42
46
74
66
44
52
51
36
41
53
41
68
43
59
27
65
67
33
38
60
43
40
45
51
40
30
32
45
25
30
36
67
47
61
48
43
64
66
29
40
38
69
44
67
40
29
35
32
38
37
56
49
15
65
36
65
71
50
35
31
41
30
46
47
40
34
37
28
38
38
42
37
26
39
38
55
37
29
43
49
41
49
54
35
42
30
32
55
45
34
53
43
33
62
84
37
50
33
45
42
57
35
44
46
32
54
43
25
34
58
62
40
50
70
52
26
49
96
60
44
61
69
64
64
68
52
39
34
37
37
61
44
37
51
64
45
34
41
33
58
40
43
48
18
35
39
36
44
52
45
29
53
53
28
45
42
42
26
62
38
49
39
24
28
47
34
54
23
56
59
56
26
51
34
38
29
39
61
52
50
47
51
56
29
39
37
23
67
39
43
22
33
42
51
45
26
38
45
37
33
36
53
45
34
44
74
37
41
39
35
42
21
27
42
39
25
22
60
25
36
31
58
20
29
49
46
44
37
17
80
39
36
32
29
18
45
42
41
30
26
37
28
37
22
54
12
62
33
20
45
38
23
36
41
28
23
24
51
36
47
23
35
32
36
25
22
22
33
52
38
46
23
22
46
22
33
30
17
31
40
16
15
26
38
15
26
44
28
30
37
16
20
39
38
22
14
32
12
30
18
19
26
24
15
37
38
26
13
28
18
29
23
14
26
13
14
11
48
20
16
38
30
24
19
30
9
7
21
40
12
24
8
41
18
19
36
25
15
15
26
25
67
10
41
7
23
14
13
18
7
11
8
7
12
10
27
9
17
12
7
27
22
21
23
11
11
31
7
21
23
9
20
10
10
18
13
18
32
16
10
8
14
15
11
18
5
20
22
9
18
6
11
10
5
35
15
13
12
16
15
11
20
7
8
8
8
4
5
6
11
6
10
4
6
4
10
6
11
9
8
11
8
2
11
5
9
14
8
5
11
18
9
5
17
7
7
14
11
5
9
5
15
10
4
9
6
4
8
2
6
13
4
14
8
6
3
8
11
13
25
12
10
6
6
13
1
11
11
11
11
12
6
8
1
9
11
6
13
4
8
15
1
10
13
7
14
7
2
4
7
3
7
11
16
10
14
3
17
13
5
5
8
5
6
5
2
10
4
11
3
7
1
8
5
9
7
13
10
7
4
4
4
6
16
5
4
12
6
8
12
5
7
11
24
3
6
20
6
8
2
2
4
2
7
4
8
2
10
6
4
8
7
3
4
10
5
13
10
2
2
6
4
6
4
9
10
9
25
4
8
9
16
7
8
3
8
2
9
13
11
9
4
3
12
9
7
6
7
0
17
1
4
8
5
7
1
3
5
6
7
8
5
2
5
4
3
7
2
2
5
7
2
11
6
10
3
10
14
10
8
10
7
3
13
8
7
8
1
11
14
4
3
6
13
6
20
10
11
12
6
10
8
5
9
9
8
10
9
9
11
11
11
4
7
2
14
4
7
17
8
8
22
3
11
19
5
14
16
6
4
10
4
13
8
23
18
11
10
15
9
15
8
14
26
11
11
10
8
23
28
12
24
11
5
14
19
7
20
14
11
19
14
21
9
16
11
17
31
13
15
19
42
17
23
9
21
17
13
13
23
22
23
29
30
26
19
23
24
27
18
20
18
23
27
28
27
17
12
14
33
22
26
32
11
22
54
24
57
30
13
21
21
12
15
15
25
23
14
30
18
18
11
19
24
40
19
14
19
29
29
39
29
37
34
26
27
32
37
22
30
39
34
58
57
44
33
36
49
45
48
32
33
42
22
17
37
28
69
33
29
29
22
45
51
46
29
44
27
37
26
50
37
36
32
41
47
47
48
38
41
57
50
49
54
35
46
43
122
46
38
53
58
50
62
53
46
46
31
39
28
43
48
34
51
35
37
46
42
48
36
34
55
40
47
49
48
38
55
28
33
41
36
33
46
44
37
38
50
74
32
61
84
41
52
50
78
40
51
43
55
42
58
63
37
66
41
77
57
64
48
88
46
47
42
43
60
58
56
49
58
53
43
53
39
59
50
50
52
67
40
64
54
49
40
60
51
37
47
40
56
43
92
40
53
57
48
73
78
83
53
48
60
105
52
42
44
49
61
87
61
59
59
53
68
64
53
49
54
100
68
82
232
55
43
58
72
70
57
82
99
53
87
47
62
54
65
189
49
46
63
80
66
54
54
38
97
73
42
60
56
77
63
49
68
50
73
71
66
65
68
58
45
62
67
63
61
69
52
87
47
50
71
44
44
63
46
101
52
69
59
51
39
50
56
50
75
35
60
66
59
60
69
59
85
64
65
42
70
82
56
53
55
80
101
71
83
77
66
55
74
81
43
53
53
76
62
49
66
65
41
67
60
73
46
58
32
57
74
70
65
94
34
58
55
75
77
73
50
51
62
60
40
51
36
72
71
61
52
61
87
45
64
64
75
72
50
85
91
76
53
56
65
47
70
60
80
76
81
80
52
56
77
43
112
45
62
63
58
85
82
57
80
64
95
61
59
76
54
45
93
76
53
69
63
102
90
63
69
73
36
63
42
74
39
47
68
56
61
68
37
65
49
104
43
60
89
99
60
63
61
81
98
36
74
92
57
65
57
41
75
36
79
52
75
61
67
45
47
33
55
65
96
66
60
91
49
41
80
46
114
58
58
59
73
75
46
57
53
55
92
61
47
56
44
54
81
83
47
43
43
79
28
32
55
68
52
54
101
104
75
61
42
89
76
99
85
56
58
62
54
63
65
41
50
88
60
53
69
44
57
70
48
57
52
62
49
46
41
49
76
47
58
75
75
42
68
49
48
43
53
83
67
107
45
83
56
52
45
82
44
49
54
50
41
32
62
50
44
53
61
35
57
59
46
47
40
58
46
60
44
41
83
37
88
62
49
60
44
39
50
33
27
69
45
22
41
73
47
66
46
35
30
48
35
41
59
30
40
40
45
76
41
30
42
47
49
32
43
58
35
45
86
46
53
55
37
26
63
42
17
49
66
66
66
64
23
49
53
52
37
87
56
47
34
39
42
47
43
41
50
48
60
36
37
45
42
32
35
62
61
46
29
40
35
55
46
41
39
44
50
53
47
28
71
51
33
132
37
45
143
46
30
40
40
35
84
30
46
36
50
47
59
77
76
42
55
54
61
79
61
35
48
35
55
29
52
52
46
65
43
26
53
31
26
29
56
33
81
31
50
64
40
49
93
60
32
58
41
37
59
24
28
42
20
58
32
62
31
46
37
26
31
48
31
37
31
51
27
47
39
34
55
44
34
38
46
44
22
45
38
27
54
25
24
56
49
40
45
30
48
50
37
34
56
59
36
53
26
37
57
40
40
37
30
44
42
25
28
36
31
43
33
39
42
37
37
20
36
45
34
31
53
54
19
25
32
49
29
16
43
45
23
40
15
38
75
27
40
25
29
31
28
40
22
47
35
43
21
30
46
35
33
36
27
24
32
26
22
26
29
37
36
32
41
48
40
26
49
39
39
28
25
31
32
42
35
50
29
40
27
42
34
30
45
23
55
42
44
54
30
25
40
47
51
54
41
31
41
75
56
22
29
40
41
59
41
27
20
25
39
27
29
47
33
36
26
31
46
31
40
49
27
62
55
41
25
41
45
25
37
51
57
30
34
32
33
32
24
43
28
48
25
42
31
37
13
44
40
18
57
39
33
30
22
11
36
47
42
46
22
30
30
34
27
33
31
34
36
37
56
35
37
45
32
46
32
43
29
27
18
16
41
54
44
40
32
23
22
24
42
39
91
19
22
31
24
29
34
48
29
30
27
30
68
55
40
29
78
18
27
18
40
33
19
26
20
18
42
22
17
21
23
27
20
29
40
25
41
19
32
15
14
23
11
18
22
27
18
22
30
19
10
17
21
16
22
23
17
33
29
24
13
25
24
29
11
32
13
42
17
23
17
33
29
22
32
23
21
12
22
21
30
36
23
17
19
7
21
7
18
35
11
44
19
8
23
17
19
19
15
27
11
19
21
22
11
27
13
22
24
25
20
7
18
15
12
23
7
30
29
11
15
14
28
13
18
16
24
36
16
18
22
16
23
10
13
24
10
10
18
11
12
7
8
17
12
6
17
10
10
11
14
10
23
23
25
6
12
13
23
17
15
16
9
11
15
10
3
9
14
2
5
10
15
22
10
5
15
5
12
6
30
2
32
8
11
13
5
16
11
5
24
20
8
4
7
20
13
9
13
11
4
7
12
11
6
9
12
9
16
8
22
10
4
6
12
11
4
20
8
12
1
15
2
3
4
4
3
9
12
11
7
9
3
13
15
9
14
5
10
2
2
17
6
6
4
9
3
10
26
11
8
11
7
8
3
6
8
8
7
4
9
14
4
5
6
8
6
6
5
5
3
13
15
4
7
7
5
19
7
11
3
2
12
6
1
13
9
19
4
26
7
7
6
3
2
8
14
0
10
0
2
17
14
5
8
4
6
6
13
6
10
3
3
6
1
11
4
2
1
15
18
7
8
19
4
14
3
2
12
5
4
0
13
10
10
1
4
5
7
2
3
5
3
1
4
3
12
7
11
6
11
8
5
6
4
6
3
22
2
5
6
4
6
5
3
6
7
11
3
4
4
13
5
2
8
9
4
0
0
3
7
10
12
3
5
11
4
8
2
2
5
4
6
6
25
9
5
3
1
6
6
3
4
8
13
2
2
19
2
3
6
4
3
1
3
2
2
4
12
9
7
14
14
7
2
16
0
5
4
9
9
7
24
4
8
7
6
5
3
10
15
2
17
3
3
10
13
11
9
12
24
4
10
7
7
18
3
19
7
15
16
15
7
15
2
1
25
12
7
13
8
14
9
6
8
12
17
17
8
18
14
20
9
12
4
7
13
8
19
10
22
22
24
28
16
11
17
15
15
21
9
40
6
28
26
6
8
15
14
17
14
13
28
15
14
24
38
7
21
31
10
18
20
12
12
22
25
16
38
20
20
21
26
8
15
17
21
31
15
9
15
22
30
31
41
25
19
28
30
24
22
30
26
28
35
37
35
25
28
19
33
45
25
34
36
25
38
13
51
28
34
81
37
49
33
32
52
30
40
24
59
64
29
56
51
32
18
52
24
27
36
51
47
33
44
37
22
65
27
25
46
28
41
51
23
33
36
43
47
51
48
29
77
28
44
37
57
75
39
44
42
40
49
40
49
26
46
43
52
23
45
34
38
51
73
44
72
40
33
33
41
49
44
34
37
44
38
57
39
54
60
64
34
32
95
50
80
64
43
47
62
42
35
34
59
67
34
60
39
55
47
50
46
38
55
65
39
62
64
46
43
93
56
43
46
115
70
42
55
80
34
36
55
40
65
52
46
60
63
53
46
35
34
68
45
50
69
53
56
44
80
47
83
41
74
61
59
54
38
45
44
49
36
42
38
49
57
32
42
59
49
65
75
53
37
46
82
56
52
50
53
88
47
67
65
69
42
61
56
55
54
61
61
54
74
59
42
41
80
41
63
50
33
41
53
52
64
58
58
50
77
45
44
62
45
79
59
53
37
44
30
51
65
57
60
63
51
62
59
49
57
74
50
80
50
64
55
57
58
66
74
76
69
42
62
59
55
86
71
67
79
64
52
59
47
88
58
90
62
47
39
60
64
40
32
52
48
53
82
89
44
61
61
56
63
53
47
70
67
44
44
32
41
44
57
99
44
41
46
57
137
30
46
51
52
53
64
68
45
47
72
57
65
51
52
73
63
61
67
53
72
39
43
54
69
35
49
51
52
112
49
55
61
64
46
42
41
32
65
41
59
52
45
47
42
74
72
63
54
72
86
56
44
44
51
45
42
81
52
48
55
58
29
47
59
55
116
63
72
59
68
76
42
48
83
57
59
43
43
46
38
68
67
53
61
50
76
47
44
48
48
63
110
49
54
54
53
85
43
23
81
87
66
40
47
61
54
48
86
61
126
35
48
64
76
45
57
27
47
92
65
53
36
58
62
66
48
43
84
41
49
37
46
90
57
66
51
72
56
48
57
48
66
46
49
57
46
51
40
53
50
50
60
56
64
66
60
52
64
72
60
39
63
58
76
35
55
45
54
35
41
57
64
59
33
38
82
76
50
37
58
59
43
61
50
60
57
44
81
35
65
45
37
77
34
65
40
67
48
48
38
46
45
64
38
41
55
66
35
60
66
68
42
31
58
86
38
82
46
63
36
44
61
42
55
67
63
46
42
40
28
68
47
57
57
84
55
48
47
60
71
48
46
50
45
64
38
69
55
49
51
55
43
58
42
76
33
43
47
25
53
65
41
40
40
57
52
43
58
46
59
50
52
39
79
33
28
37
45
50
39
40
51
26
43
60
49
37
65
41
41
35
30
50
37
77
38
35
37
29
41
43
48
29
41
41
51
38
59
50
18
36
40
52
38
42
56
57
55
39
46
42
33
44
57
52
32
58
58
42
45
44
34
20
36
26
67
53
31
51
74
55
50
30
64
39
28
39
64
64
63
50
29
36
40
29
27
27
25
42
55
26
28
31
65
44
20
20
31
54
33
37
38
26
30
58
39
29
39
33
63
23
30
33
42
39
66
27
33
30
22
34
39
20
18
28
37
32
56
52
51
31
46
27
41
25
57
44
33
30
70
37
41
40
31
34
21
34
31
41
29
28
31
93
42
101
34
35
21
38
33
29
42
27
71
30
40
63
32
30
35
33
22
35
37
32
59
36
27
53
43
47
43
34
35
43
34
39
79
36
20
35
34
34
30
32
40
34
48
34
51
39
43
29
42
36
39
36
55
83
29
19
29
28
44
41
35
34
30
19
39
48
44
34
32
43
29
53
30
36
33
31
52
28
41
38
20
27
35
37
43
40
33
26
41
17
25
59
42
40
20
39
51
42
45
19
26
28
25
27
40
46
25
47
26
36
23
22
42
43
34
50
44
43
31
25
32
36
27
54
36
44
30
33
46
32
39
30
31
34
39
28
30
55
33
35
36
35
30
39
28
38
42
34
38
40
23
25
27
31
15
56
29
28
45
49
26
16
42
47
40
24
31
36
30
36
31
24
24
40
23
30
30
22
28
45
29
27
56
27
34
32
26
28
35
35
22
19
13
67
32
28
32
27
19
14
17
15
43
43
29
17
59
13
20
27
38
27
13
41
33
25
30
38
65
22
43
23
30
49
18
26
28
25
22
26
22
15
15
25
16
12
31
13
35
22
17
8
12
44
11
11
35
17
23
18
41
18
26
20
15
15
11
15
56
24
8
26
7
36
21
22
21
18
20
22
29
27
6
10
27
28
12
20
15
9
7
22
12
9
15
7
11
6
12
23
20
8
15
10
6
20
31
18
10
7
15
19
8
19
40
9
12
19
6
14
21
9
5
19
14
7
9
27
10
16
15
8
8
7
13
11
12
6
21
17
7
13
21
11
14
12
12
10
7
12
7
21
10
13
18
2
3
18
6
14
32
10
12
8
10
7
7
15
13
13
3
15
15
7
7
8
10
9
5
5
9
10
10
9
16
9
0
4
8
11
3
10
1
6
5
4
17
14
4
2
5
5
13
4
8
6
3
3
10
3
1
5
6
10
3
10
10
10
3
19
3
2
4
2
9
9
8
3
4
4
6
7
5
6
0
4
8
8
5
6
1
6
2
6
12
9
4
4
1
1
4
3
9
9
8
3
10
11
9
4
6
10
5
6
4
5
13
7
1
9
0
7
6
2
1
2
7
6
1
2
1
10
7
1
0
8
11
6
9
3
5
1
2
1
0
1
3
6
1
2
8
5
4
11
3
5
0
5
10
1
11
0
0
0
8
2
2
3
2
0
6
6
2
3
7
7
7
1
11
1
5
2
1
21
5
3
5
3
5
1
3
0
2
1
7
14
3
3
1
6
2
5
6
1
1
2
1
9
4
4
2
9
10
1
0
2
2
3
1
6
5
1
3
4
1
2
1
1
0
5
15
4
5
3
7
0
11
2
13
11
7
4
4
2
0
10
2
5
2
7
3
1
9
4
8
5
11
6
12
7
1
4
6
12
4
11
5
14
1
15
5
2
13
6
7
9
0
3
0
9
9
8
6
5
24
2
12
12
4
9
8
6
8
8
22
7
15
4
15
3
13
10
14
1
3
5
20
6
11
11
11
17
9
14
10
7
14
14
4
11
14
33
17
6
13
8
4
10
15
10
23
15
10
4
12
29
16
21
11
19
8
14
15
23
29
22
13
16
34
22
20
28
15
16
22
16
31
12
24
9
29
28
29
21
11
19
9
29
32
28
22
46
20
32
11
30
14
26
30
18
22
25
25
47
18
29
29
33
40
20
15
41
31
19
50
39
35
23
33
19
47
40
16
32
23
26
33
24
30
39
25
20
31
16
30
34
25
28
37
60
22
20
35
50
15
55
24
23
31
15
30
18
27
36
45
23
27
24
31
39
41
57
51
47
44
38
26
23
54
66
44
42
38
24
28
37
35
45
67
47
30
41
27
33
22
43
37
33
70
35
31
52
46
46
41
39
57
22
25
29
59
41
47
23
29
42
36
47
50
55
61
60
36
23
41
52
32
44
48
49
46
50
83
35
35
56
38
62
42
29
72
44
69
52
53
32
34
57
55
31
44
48
26
31
40
51
71
57
44
39
37
58
54
25
45
52
47
41
49
56
92
76
50
67
50
53
36
41
73
67
44
60
27
80
82
57
58
42
75
59
59
75
30
51
64
77
49
23
51
67
46
52
51
64
45
60
42
57
53
36
49
43
30
93
51
74
47
62
46
39
59
53
41
49
60
35
50
64
77
59
40
48
57
108
43
33
46
52
45
69
51
41
37
66
68
26
66
107
45
52
36
45
69
48
57
36
45
42
56
62
50
45
39
43
41
61
66
77
25
46
37
48
40
24
68
54
83
50
51
34
59
22
35
48
86
56
58
48
122
58
37
30
49
69
44
44
44
53
44
55
61
38
58
61
60
42
69
60
53
60
32
65
59
79
57
46
41
44
78
32
63
65
56
63
54
69
59
64
35
69
47
45
53
42
84
29
34
68
65
57
75
72
35
93
41
60
48
66
41
30
72
79
60
57
56
51
67
48
36
54
32
49
45
76
58
101
58
39
50
82
51
46
40
68
92
62
49
74
58
75
45
77
48
65
44
64
55
68
43
50
40
47
42
80
59
43
52
71
65
66
53
60
65
58
38
32
62
50
74
47
50
70
56
41
38
95
48
54
68
42
55
90
106
34
34
71
37
60
54
51
58
87
48
29
60
53
52
58
66
45
65
70
55
64
41
34
47
43
48
31
36
70
62
41
70
41
77
74
57
55
52
72
60
54
40
35
62
65
69
76
48
80
85
54
35
58
84
51
125
51
47
57
45
34
64
48
63
45
42
34
56
49
59
55
18
59
47
62
59
78
67
40
45
53
47
51
69
76
52
33
81
63
54
41
56
59
60
57
49
37
52
68
56
46
33
54
106
37
39
60
50
52
65
55
66
47
43
54
37
73
50
48
31
42
52
73
40
37
32
41
41
35
44
52
40
38
53
70
77
47
34
44
55
40
56
52
64
59
33
58
64
67
53
39
38
61
50
49
38
59
32
43
28
42
66
25
40
71
38
52
21
59
48
30
43
38
46
43
45
60
27
50
61
33
34
81
34
57
45
36
47
40
51
42
45
57
30
50
33
55
36
100
66
36
45
47
58
43
39
43
42
72
55
39
30
43
70
66
44
35
36
48
63
60
45
53
58
46
61
46
46
43
32
53
50
42
53
32
38
49
63
43
56
69
71
51
74
28
39
62
44
38
51
46
33
34
44
38
41
33
47
58
39
43
34
62
46
41
51
45
49
31
41
46
67
40
66
28
35
25
29
41
42
59
33
64
48
43
40
57
57
24
55
24
63
27
61
37
32
63
48
38
43
42
50
39
60
57
72
46
37
39
45
61
71
33
59
47
27
44
50
40
23
57
49
49
31
70
42
49
33
62
30
47
31
48
49
64
77
47
36
52
61
56
39
42
39
41
41
39
49
56
21
86
29
45
41
48
44
45
22
45
39
47
55
75
18
39
50
44
39
47
46
31
48
41
46
29
37
44
69
36
55
51
68
68
25
38
32
40
49
59
40
42
47
52
34
48
43
60
37
56
45
52
53
36
85
36
49
40
65
47
47
37
45
59
52
62
49
24
42
39
37
50
33
38
40
59
26
43
50
38
42
47
60
71
42
61
52
55
53
70
45
31
25
44
39
39
36
27
54
43
22
63
53
53
63
48
38
24
37
63
63
19
23
32
38
28
80
31
13
42
42
48
37
33
54
36
38
49
54
38
28
26
39
26
49
34
23
68
60
33
41
48
31
26
32
35
29
54
40
39
30
21
16
28
36
37
28
12
16
24
21
21
23
30
20
24
19
27
33
42
16
14
30
25
67
41
17
50
19
23
21
28
36
16
23
34
24
31
25
18
27
22
32
28
46
40
15
21
15
33
18
28
22
6
34
22
31
12
14
12
20
24
27
12
14
25
13
46
18
14
16
23
24
40
11
10
22
22
24
19
29
22
12
13
29
22
17
19
22
14
10
9
20
7
25
11
17
12
11
11
17
8
21
14
4
29
14
9
17
7
25
16
14
6
37
15
22
11
12
13
15
11
18
21
19
12
12
11
16
11
22
4
19
11
17
9
17
9
4
25
13
15
14
4
6
22
7
12
5
6
13
7
4
11
11
10
6
13
7
2
10
7
3
11
15
10
9
10
9
9
14
12
8
13
7
6
10
7
4
10
30
1
3
4
38
6
5
11
16
16
12
8
5
0
7
3
3
8
11
22
6
14
3
9
6
9
9
6
6
5
6
1
5
5
1
5
5
9
11
2
2
18
13
5
9
14
3
11
8
14
7
12
13
3
11
2
9
3
6
5
15
9
3
2
5
4
5
1
8
9
13
4
5
9
3
6
8
4
7
4
2
5
6
2
1
1
7
1
9
8
7
20
9
14
1
5
4
3
4
4
11
8
3
4
22
2
1
2
2
0
6
5
0
15
3
3
8
2
1
3
4
10
1
2
3
5
5
1
7
7
7
3
5
1
0
3
15
2
5
2
2
7
4
8
17
6
9
10
7
5
7
0
6
15
1
3
3
5
3
2
1
4
6
6
9
13
6
10
1
5
11
7
5
2
3
15
5
7
4
4
5
4
9
2
4
12
13
5
6
9
4
21
8
9
1
8
2
23
5
6
1
2
4
4
12
1
10
3
3
4
2
6
5
8
8
7
16
3
6
4
2
12
4
14
3
13
8
2
10
10
5
7
6
7
10
7
5
11
5
9
16
2
12
7
14
5
25
10
6
22
20
2
5
3
10
10
11
6
15
18
9
11
20
11
7
4
6
7
20
13
9
13
9
14
5
14
21
20
13
16
30
11
14
10
19
20
27
10
15
16
16
15
38
9
10
14
12
30
13
10
23
17
22
34
23
19
17
27
25
16
17
13
11
12
22
21
52
22
14
22
17
15
40
29
11
33
27
26
40
21
21
30
24
33
28
13
27
23
19
18
19
47
35
29
29
31
15
18
16
32
27
22
21
25
38
26
34
25
29
17
36
45
45
20
43
19
29
29
23
45
30
22
29
49
48
39
24
29
64
56
39
62
40
38
39
41
32
64
74
48
45
34
41
49
45
65
36
52
47
37
42
43
49
46
58
44
47
55
43
44
37
35
67
45
41
67
39
35
55
23
42
39
54
37
93
24
56
44
34
52
45
31
34
59
39
68
57
32
33
28
40
50
59
83
35
34
65
50
86
33
46
58
49
73
28
70
73
47
46
68
52
50
104
46
58
92
72
64
59
45
37
49
52
52
52
64
45
73
62
55
63
54
85
38
58
70
40
50
51
54
72
53
69
58
66
57
88
71
56
84
56
50
54
54
63
44
44
40
80
41
39
57
51
49
65
75
59
48
60
65
72
54
72
61
69
77
32
70
55
61
74
41
54
85
28
33
45
59
40
60
45
56
98
38
69
56
74
65
79
68
63
77
49
76
49
57
46
41
45
47
67
49
52
37
29
70
62
58
62
147
31
44
50
57
79
63
62
47
70
67
53
54
58
74
63
44
33
63
61
62
152
57
68
69
31
67
65
84
45
83
43
77
71
50
33
60
54
50
89
68
44
54
59
56
71
80
48
94
66
63
67
69
59
53
84
44
71
126
66
42
64
58
45
74
47
46
80
90
65
61
51
57
59
41
51
61
52
60
70
56
85
85
75
64
54
121
37
57
89
69
46
54
40
72
57
78
69
120
106
51
59
83
78
39
68
49
126
47
86
80
65
80
59
26
72
69
58
53
60
96
62
69
73
52
84
46
84
63
59
84
63
70
52
60
70
40
43
57
66
58
45
73
54
70
44
41
63
61
69
99
78
60
66
54
74
45
56
71
73
44
84
23
67
71
102
73
42
56
62
45
89
66
37
76
49
64
65
69
51
80
65
64
78
88
65
60
42
53
61
52
43
64
68
63
85
82
74
27
67
68
61
56
43
35
55
78
60
86
51
44
52
134
78
55
63
39
44
64
42
38
72
55
53
59
54
48
54
30
53
73
35
61
98
65
59
35
62
61
60
76
50
80
88
50
41
47
43
38
61
70
45
92
35
51
51
46
61
75
55
51
47
94
48
69
56
49
55
72
74
43
35
52
59
44
56
96
67
44
52
38
63
40
32
56
54
74
72
68
38
67
65
36
41
49
67
81
37
48
51
62
36
53
31
52
37
96
93
39
55
42
47
49
53
93
35
70
57
60
91
45
51
56
34
69
48
62
34
44
66
41
58
47
37
34
35
34
32
53
36
67
43
80
47
36
45
44
61
39
36
26
42
57
67
27
32
28
21
27
38
34
22
79
41
36
53
39
21
38
35
27
49
44
39
55
43
47
50
48
37
37
54
50
27
41
25
51
43
59
38
97
27
45
42
39
41
56
49
34
61
56
54
98
128
28
32
54
40
29
32
26
59
38
46
27
45
52
45
41
48
60
31
55
56
57
43
39
32
36
39
60
37
58
41
45
51
53
30
44
42
21
40
37
63
86
44
52
44
32
31
73
33
49
48
32
62
48
30
46
29
35
57
51
27
62
29
39
42
62
33
28
32
32
59
45
33
42
43
32
51
49
42
42
52
58
52
49
77
43
54
56
63
49
41
35
56
49
62
33
40
42
36
45
28
39
53
50
30
55
62
63
66
68
19
37
64
47
39
64
48
47
30
54
26
35
54
40
90
36
64
70
54
46
50
39
60
43
61
55
69
37
45
60
35
63
46
37
37
55
24
46
60
68
64
59
93
81
52
45
54
52
61
29
30
35
47
52
41
49
67
39
45
43
34
53
67
35
45
61
30
64
49
30
36
64
43
66
58
72
39
41
49
68
84
35
36
48
65
46
57
72
33
27
33
23
77
24
54
63
46
50
47
45
52
32
49
40
36
43
46
43
39
39
58
29
52
40
27
25
30
52
66
38
38
47
29
38
46
70
58
30
40
28
37
42
19
30
31
48
45
37
42
25
40
56
48
45
26
42
32
46
31
25
49
25
42
27
44
45
55
35
36
55
29
28
27
23
34
27
20
61
56
14
51
24
58
23
31
51
25
33
30
28
27
24
25
31
20
21
32
23
28
26
27
31
36
32
19
34
45
45
24
19
34
57
29
20
34
28
21
18
36
23
36
26
15
22
14
31
21
33
45
47
25
26
19
14
21
27
11
26
11
25
25
19
30
26
12
27
26
22
15
26
25
28
19
24
22
18
21
16
23
23
26
24
20
28
15
26
15
16
29
17
9
22
7
32
12
11
37
22
52
22
23
21
27
13
20
17
8
23
20
20
13
33
14
27
10
7
15
16
11
7
8
16
9
12
12
7
21
27
11
6
27
10
20
12
5
14
9
20
10
27
10
7
8
3
13
8
3
14
13
6
14
16
11
7
6
7
8
11
12
17
4
18
3
19
8
3
13
12
5
4
7
10
8
8
16
2
2
9
4
12
3
16
6
12
4
7
8
9
9
10
2
5
6
11
10
10
1
10
4
9
6
10
2
5
10
1
5
6
13
4
8
8
6
5
3
11
10
2
10
5
6
9
3
4
5
8
11
7
8
8
12
9
4
9
12
7
10
9
6
5
4
12
2
4
11
20
4
2
9
4
11
3
7
11
3
6
4
8
25
2
13
0
1
8
6
1
5
3
8
1
5
4
0
6
4
11
3
4
11
1
17
17
14
2
4
9
13
7
2
1
3
0
8
2
4
3
5
4
10
7
13
14
2
8
1
8
15
2
5
9
6
5
18
5
3
0
14
1
10
6
7
3
12
1
6
6
4
6
3
4
6
5
2
5
8
5
1
2
2
4
9
3
7
2
5
0
5
2
11
5
5
9
9
1
7
2
7
5
5
10
3
5
4
3
8
6
2
6
2
0
10
4
12
7
6
5
4
9
11
3
6
7
1
2
8
9
4
14
13
3
11
5
13
8
2
2
13
7
11
6
10
17
8
11
13
4
4
12
10
7
2
14
17
5
12
6
7
3
8
3
24
9
13
4
3
9
11
3
23
10
12
4
14
13
8
7
9
11
7
27
8
17
6
8
8
16
13
7
7
19
13
19
25
20
24
21
17
15
14
8
18
4
21
14
12
15
12
24
18
13
14
11
9
8
22
13
18
18
13
20
28
16
31
16
12
24
30
22
27
42
14
25
16
35
20
45
29
12
54
25
16
23
31
37
13
22
10
40
24
54
24
22
17
31
25
46
20
33
69
36
48
22
25
15
35
18
14
30
48
43
17
32
20
17
30
36
22
23
38
22
26
26
26
51
32
47
23
42
59
30
37
37
40
50
23
27
39
42
21
38
41
27
30
60
39
39
48
29
39
30
52
42
19
35
56
69
38
39
50
45
50
47
55
39
63
46
49
41
50
24
42
45
47
38
46
53
36
40
43
56
29
55
33
80
43
46
47
55
50
41
77
63
29
29
69
43
68
52
36
43
62
75
51
54
35
44
52
39
66
61
85
72
61
47
31
49
44
42
64
43
97
43
59
39
48
47
73
63
54
49
38
57
54
60
50
51
49
57
47
75
77
76
42
64
51
48
50
46
54
73
68
54
100
47
58
40
38
63
40
95
41
37
45
52
64
53
61
72
52
82
55
172
36
34
52
68
32
61
53
69
87
79
57
48
55
72
63
56
56
73
47
51
52
53
77
74
67
72
65
30
80
59
50
46
60
50
53
58
43
35
78
63
65
79
49
107
81
62
44
56
38
45
66
50
76
51
59
58
52
55
88
41
57
41
67
49
34
66
68
59
27
59
117
62
67
77
49
56
47
42
65
75
55
60
70
45
66
53
55
49
55
66
38
47
47
89
65
54
57
47
42
88
66
53
65
69
59
55
56
57
70
69
105
71
61
63
72
54
59
46
62
70
41
59
34
47
85
59
74
67
48
81
53
48
65
68
73
59
84
47
60
71
96
48
78
74
58
70
49
57
55
60
46
67
95
70
47
57
50
63
49
62
67
74
97
38
66
82
80
51
74
49
64
56
64
51
52
61
68
49
83
81
61
66
95
51
73
75
135
50
57
54
63
61
56
50
56
77
101
62
74
75
61
53
56
72
59
66
58
91
70
75
46
49
48
102
44
62
32
61
71
66
69
51
44
49
67
56
50
69
61
79
55
64
60
62
31
69
70
67
44
65
45
89
60
41
48
80
88
134
68
103
40
69
70
45
57
72
50
80
80
51
60
101
35
77
63
20
66
75
54
72
64
45
65
135
73
61
61
46
41
74
60
40
56
42
64
61
65
70
32
67
45
51
35
61
94
51
75
59
85
59
57
41
46
55
121
76
57
66
39
77
59
74
114
71
52
56
44
46
40
41
36
41
55
69
108
74
62
57
62
38
50
73
46
57
49
70
53
53
77
64
43
61
52
63
65
45
46
65
75
74
55
53
47
33
58
56
43
68
43
43
61
60
58
37
61
49
41
50
50
54
33
64
44
59
47
62
74
63
49
52
75
56
50
59
47
63
100
48
38
48
52
42
41
113
40
72
61
50
69
43
54
35
43
58
48
51
40
41
33
51
75
38
38
37
47
42
58
47
29
57
80
34
38
57
66
64
110
63
45
38
58
63
65
31
64
57
46
59
45
50
48
47
26
50
37
60
30
41
50
41
64
55
77
38
41
59
88
26
95
41
45
40
35
44
43
74
42
30
52
32
24
47
62
61
41
49
41
27
46
47
46
48
69
22
31
47
34
49
40
56
45
47
124
35
38
53
22
56
41
34
53
39
38
39
48
39
45
64
58
51
55
47
68
41
43
52
44
51
33
57
53
39
34
45
34
47
49
44
54
62
36
27
54
38
33
39
53
46
43
42
47
48
36
46
46
48
36
58
58
65
45
42
69
48
38
38
42
55
55
62
69
41
61
73
58
57
31
33
52
49
35
70
45
36
42
29
45
51
45
46
36
57
28
39
52
41
34
38
60
49
50
30
47
54
33
62
44
32
35
69
27
54
25
69
46
21
60
47
46
39
63
50
27
33
63
40
73
45
64
51
48
47
76
52
62
31
46
86
43
38
54
55
38
42
49
43
43
52
36
33
36
39
34
47
46
61
47
52
60
53
52
52
95
58
45
23
52
37
55
48
96
52
68
67
41
67
36
40
53
59
49
37
53
40
62
30
42
33
38
29
32
34
42
60
64
35
75
59
53
43
48
43
45
49
51
65
54
46
46
35
39
52
51
30
32
69
33
40
51
43
43
44
33
46
44
49
43
28
35
35
27
49
26
43
35
28
25
21
31
40
42
42
24
24
31
43
42
40
23
25
28
36
44
36
35
40
28
36
36
40
40
32
38
16
31
36
12
42
25
45
24
24
26
54
31
31
18
30
34
34
42
45
24
45
25
28
29
28
24
30
26
19
17
36
23
43
23
20
19
49
14
48
39
45
30
24
20
22
28
12
28
27
27
46
28
24
45
20
10
44
22
15
42
22
26
23
27
24
21
19
25
24
12
21
21
